010324
010326
010331
010402
010402
010404
010405
010407
010407
010421
010501
010505
010508
010511
010513
010514
010515
010521
010521
010523
010525
010527
010601
010604
010607
010607
010608
010608
010609
010609
010611
010611
010612
010612
010613
010614
010615
010615
010616
010616
010617
010618
010619
010620
010620
010621
010621
010623
010623
010624
010625
010626
010627
010627
010630
010701
010702
010706
010707
010708
010709
010710
010711
010712
010713
010717
010718
010719
010719
010720
010722
010723
010724
010725
010729
010730
010731
010731
010801
010802
010803
010804
010805
010806
010807
010807
010809
010810
010811
010812
010818
010819
010820
010822
010823
010824
010825
010826
010827
010829
010830
010831
010901
010901
010902
010904
010905
010906
010907
010908
010910
010911
010912
010913
010913
010914
010916
010917
010918
010919
010925
010926
010927
010929
010930
011001
011002
011003
011005
011006
011007
011008
011014
011015
011017
011018
011019
011020
011021
011021
011024
011025
011026
011027
011102
011103
011105
011105
011107
011108
011109
011110
011112
011113
011114
011115
011117
011122
011123
011125
011126
011128
011129
011130
011130
011201
011203
011206
011208
011210
011211
011212
011212
011213
011215
011216
011218
011223
011224
011225
011229
011229
011230
011231
020101
020107
020108
020109
020110
020112
020113
020115
020117
020117
020119
020119
020120
020124
020127
020127
020129
020129
020130
020131
020201
020204
020205
020208
020208
020208
020210
020210
020210
020213
020214
020215
020217
020217
020222
020223
020225
020226
020227
020301
020303
020306
020306
020308
020310
020313
020316
020317
020318
020320
020320
020321
020323
020325
020325
020326
020326
020327
020327
020329
020330
020401
020401
020402
020403
020404
020405
020406
020408
020408
020410
020412
020414
020415
020418
020420
020420
020421
020422
020424
020425
020427
020427
020429
020430
020502
020504
020505
020506
020506
020509
020511
020512
020513
020514
020514
020516
020522
020527
020528
020530
020531
020601
020602
020617
020620
020623
020624
020626
020629
020630
020703
020706
020710
020714
020718
020722
021008
021016
021119
030116
030124
030425
030604
030605
030608
030609
030614
030615
030618
030621
030625
030629
030702
030707
030712
030906
030908
030927
030930
031008
040108
040110
040116
040502
040504
040507
040511
040513
040515
040519
040521
040523
040524
040528
040530
040603
040607
040613
040620
040822
040828
041210
041216
050314
050323
050526
050601
050602
050605
050606
050609
050614
050616
050618
050620
050625
050630
050630
050701
050701
050707
050714
050907
050910
050912
051006
051103
051115
051120
060106
060113
060408
060519
060614
060621
060628
060711
060712
060720
060911
060914
060916
060918
061017
061102
061123
061130
061207
070111
070119
070418
070525
070620
070628
070705
070725
070802
070918
070920
070922
070925
071025
071101
071109
071116
071122
071124
071129
071206
080128
080204
080425
080611
080618
080729
080730
080803
080810
081004
081006
081111
081112
081127
081202
081207
081212
090205
090211
090515
090520
090702
090723
090730
090806
090813
090828
090904
091120
091121
091127
091128
091203
091207
091212
100114
100714
100731
100903
100907
101014
101022
110726
110806
110827
110902
111112
111117
120314
120324
120403
120407
120523
120524
120527
120529
120602
120814
120816
120818
120905
120914
121104
121106
121108
121111
121113
121115
121117
121120
121122
130103
130112
130120
130412
130419
130704
130712
130716
131016
140117
140125
140309
140520
140527
140607
141016
141106
141115
150123
150530
151013
160214
160215
160215
160217
160217
160218
160219
160220
160221
160222
160223
160224
160224
160226
160227
160228
160229
160301
160302
160303
160304
160304
160413
161112
170217
170218
170219
170220
170222
170222
170223
170224
170225
170226
170227
170228
170301
170303
170304
170305
170306
170529
170723
180221
180222
180223
180224
180225
180226
180227
180228
180228
180302
180303
180304
180305
180306
180307
180308
180309
180309
180609
180823
190224
190225
190225
190227
190227
190301
190302
190303
190304
190305
190306
190308
190308
190310
190311
190917
190927
220211
220218
