2001-06-16T18:22:46.000Z     4.6854    -2.3260    -5.7265
2001-06-16T18:22:50.019Z    15.5824    -9.5194    -8.7655
2001-06-16T18:22:54.039Z    15.2728   -10.9033    -6.7354
2001-06-16T18:22:58.059Z    15.2923    -6.3338    -9.8773
2001-06-16T18:23:02.078Z    16.6359    -6.8087   -10.1820
2001-06-16T18:23:06.098Z    17.2082    -6.7500    -9.0249
2001-06-16T18:23:10.118Z    16.6233    -7.5410   -10.2849
2001-06-16T18:23:14.138Z    16.0052    -9.3156    -9.8361
2001-06-16T18:23:18.157Z    15.8077    -8.9124   -10.1861
2001-06-16T18:23:22.177Z    15.6503    -9.0922    -9.7702
2001-06-16T18:23:26.197Z    15.6869    -9.7036    -9.7537
2001-06-16T18:23:30.216Z    16.2321    -9.4888    -9.2020
2001-06-16T18:23:34.236Z    16.4303    -9.8503    -9.4531
2001-06-16T18:23:38.256Z    16.2667    -9.7497    -9.0208
2001-06-16T18:23:42.276Z    16.1963    -8.8818    -9.8320
2001-06-16T18:23:46.295Z    16.2592   -10.1669   -10.0873
2001-06-16T18:23:50.315Z    15.9875    -9.0813   -10.1408
2001-06-16T18:23:54.335Z    16.1740    -9.3621   -10.1696
2001-06-16T18:23:58.355Z    16.2975    -9.1407   -10.2561
2001-06-16T18:24:02.374Z    16.3486    -9.0171   -10.2602
2001-06-16T18:24:06.394Z    16.8534    -8.9675    -9.9349
2001-06-16T18:24:10.414Z    16.8116    -8.3871   -10.2685
2001-06-16T18:24:14.433Z    16.4733    -8.0980   -10.6267
2001-06-16T18:24:18.453Z    16.3319    -7.7319   -10.7132
2001-06-16T18:24:22.473Z    17.0607    -8.3064   -10.6844
2001-06-16T18:24:26.493Z    16.7147    -8.8987   -10.6020
2001-06-16T18:24:30.512Z    16.5944    -8.7269   -10.8079
2001-06-16T18:24:34.532Z    16.3257    -8.5530   -10.8244
2001-06-16T18:24:38.552Z    16.4141    -8.6920   -10.6102
2001-06-16T18:24:42.572Z    16.0179    -8.8673   -10.9191
2001-06-16T18:24:46.591Z    15.5482    -8.0230   -11.7262
2001-06-16T18:24:50.611Z    15.7436    -7.8031   -11.0879
2001-06-16T18:24:54.631Z    15.6268    -6.5706   -11.2073
2001-06-16T18:24:58.650Z    14.9946    -8.1171   -12.0638
2001-06-16T18:25:02.670Z    15.1811    -8.1254   -12.0021
2001-06-16T18:25:06.690Z    14.8053    -8.2988   -12.7309
2001-06-16T18:25:10.710Z    14.6508    -6.6653   -12.8462
2001-06-16T18:25:14.729Z    15.3140    -7.5418   -12.7762
2001-06-16T18:25:18.749Z    15.6088    -8.3778   -12.7886
2001-06-16T18:25:22.769Z    15.8237    -7.8676   -12.3644
2001-06-16T18:25:26.789Z    15.9808    -7.3115   -12.0062
2001-06-16T18:25:30.808Z    15.5232    -8.2405   -11.3515
2001-06-16T18:25:34.828Z    15.6212    -7.8372   -10.8079
2001-06-16T18:25:38.848Z    15.1254    -7.6587   -11.0014
2001-06-16T18:25:42.867Z    14.9398    -8.1652   -11.0797
2001-06-16T18:25:46.887Z    14.9327    -7.6425   -10.9685
2001-06-16T18:25:50.907Z    13.5390    -8.3856   -11.5656
2001-06-16T18:25:54.927Z    13.4294    -8.2785   -10.9191
2001-06-16T18:25:58.946Z    14.7878    -6.7598   -10.2026
2001-06-16T18:26:02.966Z    14.1363    -7.0424   -11.1085
2001-06-16T18:26:06.986Z    13.7453    -7.7201   -11.5326
2001-06-16T18:26:11.006Z    15.2162    -7.7418    -9.8320
2001-06-16T18:26:15.025Z    14.4545    -6.8922   -10.3179
2001-06-16T18:26:19.045Z    15.3392    -7.3589    -9.7990
2001-06-16T18:26:23.065Z    16.0083    -8.1280    -8.7778
2001-06-16T18:26:27.084Z    14.1358    -8.7768    -9.5602
2001-06-16T18:26:31.104Z    12.6776    -7.4777   -12.0968
2001-06-16T18:26:35.124Z    13.3772    -7.5225   -11.0138
2001-06-16T18:26:39.144Z    12.1111    -9.5513   -12.2986
2001-06-16T18:26:43.163Z    10.6779   -10.7135   -12.5662
2001-06-16T18:26:47.183Z    10.3927   -11.6952   -12.4344
2001-06-16T18:26:51.203Z     9.6722   -10.9458   -12.3397
2001-06-16T18:26:55.223Z    10.6401   -10.8228   -10.2438
2001-06-16T18:26:59.242Z    10.5941   -10.8576   -11.2444
2001-06-16T18:27:03.262Z     8.4515   -10.6099   -13.8716
2001-06-16T18:27:07.282Z     6.9191    -9.9679   -14.7734
2001-06-16T18:27:11.301Z     5.7447   -10.4725   -14.0116
2001-06-16T18:27:15.321Z     6.6734   -10.8147   -13.2868
2001-06-16T18:27:19.341Z     7.0000   -10.5357   -13.3980
2001-06-16T18:27:23.361Z     8.2482   -10.0647   -13.1221
2001-06-16T18:27:27.380Z     7.4560    -9.3945   -13.7439
2001-06-16T18:27:31.400Z     8.4939    -8.9455   -12.8751
2001-06-16T18:27:35.420Z     8.5880    -9.4760   -13.5751
2001-06-16T18:27:39.440Z     6.5790    -8.0465   -14.7281
2001-06-16T18:27:43.459Z     6.6078    -7.8929   -14.2751
2001-06-16T18:27:47.479Z     6.5331    -7.3100   -14.9340
2001-06-16T18:27:51.499Z     5.8055    -7.3887   -16.0458
2001-06-16T18:27:55.518Z     6.3197    -8.2817   -16.6840
2001-06-16T18:27:59.538Z     6.9263    -9.1859   -15.9511
2001-06-16T18:28:03.558Z     7.0941    -9.7268   -15.5887
2001-06-16T18:28:07.578Z     7.8297    -8.5865   -15.6299
2001-06-16T18:28:11.597Z     7.6524    -7.6018   -14.9175
2001-06-16T18:28:15.617Z     7.9102    -7.6995   -14.1928
2001-06-16T18:28:19.637Z     8.7399    -7.6577   -13.4845
2001-06-16T18:28:23.656Z    10.1331    -7.8199   -11.8415
2001-06-16T18:28:27.676Z    10.9377    -6.8711   -11.9815
2001-06-16T18:28:31.696Z    10.9924    -7.0378   -12.4180
2001-06-16T18:28:35.716Z    10.8454    -7.4048   -12.2038
2001-06-16T18:28:39.735Z    11.1260    -7.4563   -12.0144
2001-06-16T18:28:43.755Z    11.2987    -7.0563   -11.9691
2001-06-16T18:28:47.775Z    11.5161    -6.7742   -11.5903
2001-06-16T18:28:51.795Z    11.2974    -7.2205   -11.5821
2001-06-16T18:28:55.814Z    11.2371    -6.9464   -11.8785
2001-06-16T18:28:59.834Z     9.9364    -7.6475   -11.7797
2001-06-16T18:29:03.854Z     9.1164    -8.7819   -11.0138
2001-06-16T18:29:07.873Z     8.7988    -9.0936   -10.5938
2001-06-16T18:29:11.893Z     8.1811    -9.0992   -10.6308
2001-06-16T18:29:15.913Z     7.2333    -8.8902   -10.8408
2001-06-16T18:29:19.933Z     6.0561    -8.8134   -10.4085
2001-06-16T18:29:23.952Z     5.8038    -8.4929    -9.3584
2001-06-16T18:29:27.972Z     5.9015    -7.9627    -8.6666
2001-06-16T18:29:31.992Z     6.6602    -7.3672    -8.2301
2001-06-16T18:29:36.012Z     7.4915    -6.7201    -7.8184
2001-06-16T18:29:40.031Z     8.6339    -5.9219    -7.3942
2001-06-16T18:29:44.051Z     9.8530    -5.5353    -7.5878
2001-06-16T18:29:48.071Z     9.9923    -5.7771    -7.9995
2001-06-16T18:29:52.090Z     9.8896    -5.5902    -8.3207
2001-06-16T18:29:56.110Z     9.6037    -5.5698    -8.4896
2001-06-16T18:30:00.130Z     9.3002    -5.3152    -8.0160
2001-06-16T18:30:04.150Z     8.8059    -5.0648    -7.7031
2001-06-16T18:30:08.169Z     8.9277    -5.1416    -7.7113
2001-06-16T18:30:12.189Z     9.2836    -5.1084    -7.2172
2001-06-16T18:30:16.209Z     9.0517    -5.0586    -7.0607
2001-06-16T18:30:20.229Z     8.0990    -4.6890    -7.7154
2001-06-16T18:30:24.248Z     7.6733    -4.7871    -7.8225
2001-06-16T18:30:28.268Z     7.7158    -5.0302    -7.9007
2001-06-16T18:30:32.288Z     7.5323    -4.8320    -8.6213
2001-06-16T18:30:36.307Z     7.5399    -4.4610    -8.9919
2001-06-16T18:30:40.327Z     7.2229    -4.4238    -9.3131
2001-06-16T18:30:44.347Z     6.8394    -4.4003    -9.6096
2001-06-16T18:30:48.367Z     6.6172    -4.2954    -9.7167
2001-06-16T18:30:52.386Z     6.2269    -4.3863   -10.1367
2001-06-16T18:30:56.406Z     6.0959    -4.4915   -10.6267
2001-06-16T18:31:00.426Z     6.8314    -4.3834   -10.2808
2001-06-16T18:31:04.446Z     6.5381    -5.3599   -10.2561
2001-06-16T18:31:08.465Z     6.9305    -5.6426    -9.3708
2001-06-16T18:31:12.485Z     7.0650    -4.7031    -9.2349
2001-06-16T18:31:16.505Z     7.3583    -4.2831    -9.5602
2001-06-16T18:31:20.524Z     7.5371    -4.6855    -9.1814
2001-06-16T18:31:24.544Z     7.9254    -4.5511    -8.9631
2001-06-16T18:31:28.564Z     8.6342    -4.4138    -9.3378
2001-06-16T18:31:32.584Z     8.8569    -4.3962   -10.0626
2001-06-16T18:31:36.603Z     8.6895    -5.5711   -10.4126
2001-06-16T18:31:40.623Z     9.1821    -5.2792   -10.5073
2001-06-16T18:31:44.643Z     8.4233    -5.0456   -11.0879
2001-06-16T18:31:48.663Z     7.6419    -5.5071   -11.8827
2001-06-16T18:31:52.682Z     7.2043    -5.7624   -12.2738
2001-06-16T18:31:56.702Z     8.6389    -5.2996   -12.1874
2001-06-16T18:32:00.722Z     9.9341    -5.6273   -11.9732
2001-06-16T18:32:04.741Z     9.9969    -5.5499   -12.1297
2001-06-16T18:32:08.761Z    10.2277    -6.1056   -12.5539
2001-06-16T18:32:12.781Z    11.3921    -4.9843   -12.8050
2001-06-16T18:32:16.801Z    11.8729    -3.8403   -14.2339
2001-06-16T18:32:20.820Z    12.2371    -3.1219   -14.8475
2001-06-16T18:32:24.840Z    12.5535    -3.2354   -15.1234
2001-06-16T18:32:28.860Z    13.7138    -4.6366   -14.0157
2001-06-16T18:32:32.880Z    15.4721    -7.0362   -10.1985
2001-06-16T18:32:36.899Z    16.0233    -7.8270    -8.6008
2001-06-16T18:32:40.919Z    15.6531    -8.0617    -6.4924
2001-06-16T18:32:44.939Z    15.1322    -6.7613    -8.1972
2001-06-16T18:32:48.958Z    14.7416    -7.2818    -8.4196
2001-06-16T18:32:52.978Z    14.2611    -7.1902    -9.4078
2001-06-16T18:32:56.998Z    15.4949    -6.1494    -9.1525
2001-06-16T18:33:01.018Z    17.2277    -6.2102    -7.8142
2001-06-16T18:33:05.037Z    16.6640    -7.2533    -7.5754
2001-06-16T18:33:09.057Z    16.3542    -8.0460    -7.1883
2001-06-16T18:33:13.077Z    16.4454    -7.4271    -9.0784
2001-06-16T18:33:17.097Z    16.7584    -6.5367   -10.7214
2001-06-16T18:33:21.116Z    16.8640    -6.5452   -10.3714
2001-06-16T18:33:25.136Z    16.0129    -5.7669    -9.6755
2001-06-16T18:33:29.156Z    16.4820    -6.9601    -8.4649
2001-06-16T18:33:33.175Z    16.2517    -6.8384    -9.5273
2001-06-16T18:33:37.195Z    15.1385    -6.2704   -11.9156
2001-06-16T18:33:41.215Z    15.2121    -3.5790   -14.2957
2001-06-16T18:33:45.235Z    16.6617    -7.3669   -11.3020
2001-06-16T18:33:49.254Z    15.5925    -6.9355   -10.8408
2001-06-16T18:33:53.274Z    15.4510    -5.4794   -11.9650
2001-06-16T18:33:57.294Z    14.6358    -4.2874   -14.0033
2001-06-16T18:34:01.313Z    15.6212    -6.4748   -11.7838
2001-06-16T18:34:05.333Z    14.2513    -5.5873   -10.9397
2001-06-16T18:34:09.353Z    13.2120    -5.0643   -12.2944
2001-06-16T18:34:13.373Z    13.0128    -5.4928    -9.7373
2001-06-16T18:34:17.392Z    13.2434    -5.7184   -10.5691
2001-06-16T18:34:21.412Z    12.4587    -5.9589   -12.3439
2001-06-16T18:34:25.432Z    12.1172    -4.9615   -12.2533
2001-06-16T18:34:29.452Z    12.5992    -4.9812   -11.2526
2001-06-16T18:34:33.471Z    12.7172    -4.1420   -11.2032
2001-06-16T18:34:37.491Z    13.4991    -4.9320   -11.5532
2001-06-16T18:34:41.511Z    13.2982    -5.8966   -11.4585
2001-06-16T18:34:45.530Z    12.6305    -5.3050   -11.4091
2001-06-16T18:34:49.550Z    12.5487    -4.7443   -11.9815
2001-06-16T18:34:53.570Z    12.8885    -4.1556   -12.1915
2001-06-16T18:34:57.590Z    13.0440    -5.5442   -12.6815
2001-06-16T18:35:01.609Z    13.2829    -5.0499   -12.1297
2001-06-16T18:35:05.629Z    11.5346    -1.3828   -13.5916
2001-06-16T18:35:09.649Z     9.9971     1.3388   -15.2016
2001-06-16T18:35:13.669Z    12.7650    -0.3589   -14.3616
2001-06-16T18:35:17.688Z    14.2733    -2.5738   -13.4063
2001-06-16T18:35:21.708Z    14.8107    -3.2403   -13.2374
2001-06-16T18:35:25.728Z    14.5687    -4.1279   -13.7274
2001-06-16T18:35:29.747Z    14.8594    -5.3296   -12.8256
2001-06-16T18:35:33.767Z    14.5399    -5.3484   -12.2409
2001-06-16T18:35:37.787Z    15.7285    -5.6516   -11.3638
2001-06-16T18:35:41.807Z    15.1564    -4.9736   -12.2903
2001-06-16T18:35:45.826Z    13.8591    -4.8057   -13.9869
2001-06-16T18:35:49.846Z    13.6426    -3.4919   -14.7240
2001-06-16T18:35:53.866Z    13.4988    -2.7059   -15.0904
2001-06-16T18:35:57.886Z    14.1553    -4.1958   -14.3451
2001-06-16T18:36:01.905Z    14.2189    -3.8388   -14.2422
2001-06-16T18:36:05.925Z    14.4016    -4.0556   -14.2792
2001-06-16T18:36:09.945Z    14.5679    -2.8302   -14.4645
2001-06-16T18:36:13.964Z    14.5818    -2.4556   -14.1063
2001-06-16T18:36:17.984Z    13.7018    -3.7038   -14.6910
2001-06-16T18:36:22.004Z    12.9211    -4.0659   -14.9422
2001-06-16T18:36:26.024Z    12.1453    -2.7157   -14.9175
2001-06-16T18:36:30.043Z    11.8832    -2.6651   -14.4357
2001-06-16T18:36:34.063Z    12.3723    -2.6511   -13.3898
2001-06-16T18:36:38.083Z    11.8569    -2.4903   -13.2498
2001-06-16T18:36:42.103Z    11.8038    -2.0023   -12.4839
2001-06-16T18:36:46.122Z    12.3313    -3.1421   -12.3768
2001-06-16T18:36:50.142Z    12.4409    -3.2722   -10.5608
2001-06-16T18:36:54.162Z    12.8248    -3.1271   -10.6391
2001-06-16T18:36:58.181Z    13.5197    -4.1935   -11.9197
2001-06-16T18:37:02.201Z    13.1797    -3.6461   -10.9973
2001-06-16T18:37:06.221Z    13.7921    -3.8748   -11.2403
2001-06-16T18:37:10.241Z    13.2664    -4.0949   -11.4709
2001-06-16T18:37:14.260Z    13.3628    -3.7173   -11.3103
2001-06-16T18:37:18.280Z    12.8645    -4.6616   -11.4256
2001-06-16T18:37:22.300Z    12.5168    -4.7578   -11.8003
2001-06-16T18:37:26.320Z    13.1603    -4.4698   -10.9891
2001-06-16T18:37:30.339Z    12.9272    -3.7898   -12.7721
2001-06-16T18:37:34.359Z    12.9795    -4.8299   -13.3115
2001-06-16T18:37:38.379Z    12.5234    -5.6525   -12.7803
2001-06-16T18:37:42.398Z    11.0383    -3.7561   -14.5716
2001-06-16T18:37:46.418Z    10.2944    -3.1870   -15.1193
2001-06-16T18:37:50.438Z     9.5018    -5.0687   -13.6492
2001-06-16T18:37:54.458Z    10.1335    -3.3837   -13.5463
2001-06-16T18:37:58.477Z     8.6943    -4.3346   -14.0980
2001-06-16T18:38:02.497Z     6.5593    -2.3881   -14.9751
2001-06-16T18:38:06.517Z     6.8940    -1.8651   -16.0787
2001-06-16T18:38:10.537Z     7.9836    -3.6225   -15.3787
2001-06-16T18:38:14.556Z     8.3581    -3.0567   -14.6004
2001-06-16T18:38:18.576Z     8.2897    -3.5948   -14.9998
2001-06-16T18:38:22.596Z     7.9137    -3.1425   -14.8598
2001-06-16T18:38:26.615Z     9.4792    -3.0849   -15.2428
2001-06-16T18:38:30.635Z    11.2261    -5.2351   -13.9292
2001-06-16T18:38:34.655Z    11.0716    -7.0979   -12.6939
2001-06-16T18:38:38.675Z    10.2709    -6.5449   -12.2533
2001-06-16T18:38:42.694Z     9.1647    -5.1257   -13.9333
2001-06-16T18:38:46.714Z     8.7810    -5.8619   -13.8633
2001-06-16T18:38:50.734Z     9.3872    -5.3114   -12.3068
2001-06-16T18:38:54.753Z     9.3363    -4.6867   -12.4015
2001-06-16T18:38:58.773Z     8.1716    -4.6373   -13.2745
2001-06-16T18:39:02.793Z     7.3200    -4.2540   -13.9210
2001-06-16T18:39:06.813Z     7.2491    -4.0190   -13.9333
2001-06-16T18:39:10.832Z     7.2879    -3.6878   -14.0775
2001-06-16T18:39:14.852Z     7.0626    -3.7267   -14.5222
2001-06-16T18:39:18.872Z     7.6092    -3.6663   -14.6457
2001-06-16T18:39:22.892Z     7.5654    -3.0309   -15.4569
2001-06-16T18:39:26.911Z     8.5408    -3.5576   -15.5763
2001-06-16T18:39:30.931Z     9.3198    -4.7986   -14.9957
2001-06-16T18:39:34.951Z     9.5469    -6.0848   -14.3575
2001-06-16T18:39:38.970Z    10.5690    -7.0454   -13.2127
2001-06-16T18:39:42.990Z    10.7620    -7.1424   -13.1221
2001-06-16T18:39:47.010Z    10.9685    -7.6015   -13.0151
2001-06-16T18:39:51.030Z    10.6796    -8.5309   -12.5086
2001-06-16T18:39:55.049Z    10.8281    -8.8863   -12.1297
2001-06-16T18:39:59.069Z    11.4712    -9.3005   -11.3968
2001-06-16T18:40:03.089Z    10.9521    -4.5357   -13.6821
2001-06-16T18:40:07.109Z    11.0863    -6.1942   -15.1728
2001-06-16T18:40:11.128Z    11.3914    -8.2383   -14.2833
2001-06-16T18:40:15.148Z    10.8237    -8.3538   -14.8845
2001-06-16T18:40:19.168Z     8.9744    -8.7762   -14.9587
2001-06-16T18:40:23.187Z    10.2760    -7.2851   -14.0033
2001-06-16T18:40:27.207Z    11.7163    -6.6457   -12.9780
2001-06-16T18:40:31.227Z    12.2146    -7.5512   -12.6197
2001-06-16T18:40:35.247Z    12.6093    -8.2768   -11.9774
2001-06-16T18:40:39.266Z    12.4876    -8.8027   -12.0844
2001-06-16T18:40:43.286Z    11.8338    -8.1090   -13.3074
2001-06-16T18:40:47.306Z    11.7068    -6.1904   -14.6828
2001-06-16T18:40:51.326Z    10.3517    -5.2283   -15.3046
2001-06-16T18:40:55.345Z     9.3539    -6.2372   -14.9134
2001-06-16T18:40:59.365Z     9.1635    -6.9018   -13.3651
2001-06-16T18:41:03.385Z     9.8192    -4.6993   -13.5710
2001-06-16T18:41:07.404Z    10.5019    -3.1401   -14.1969
2001-06-16T18:41:11.424Z    10.3025    -4.5663   -14.1022
2001-06-16T18:41:15.444Z    10.3130    -5.3216   -13.6080
2001-06-16T18:41:19.464Z     9.8342    -6.5552   -13.8633
2001-06-16T18:41:23.483Z     8.7513    -7.3390   -13.6204
2001-06-16T18:41:27.503Z     9.1476    -4.8036   -12.6033
2001-06-16T18:41:31.523Z    11.1913    -2.7713   -11.6150
2001-06-16T18:41:35.543Z    12.5776    -4.6138   -10.3920
2001-06-16T18:41:39.562Z    12.7191    -5.8089   -10.2767
2001-06-16T18:41:43.582Z    15.7078    -7.6949    -8.5513
2001-06-16T18:41:47.602Z    16.4461    -7.1013    -9.4326
2001-06-16T18:41:51.621Z    15.0841    -1.3834   -12.6609
2001-06-16T18:41:55.641Z    14.8763    -1.3380   -14.3781
2001-06-16T18:41:59.661Z    15.1866    -4.4524   -13.6739
2001-06-16T18:42:03.681Z    14.8182    -7.1023   -12.2244
2001-06-16T18:42:07.700Z    15.7655    -7.1728   -11.5121
2001-06-16T18:42:11.720Z    16.5672    -6.6980   -10.0255
2001-06-16T18:42:15.740Z    15.4467    -6.0484    -7.7072
2001-06-16T18:42:19.760Z    13.4299    -6.8051    -7.2048
2001-06-16T18:42:23.779Z    13.7241    -5.8677    -7.7689
2001-06-16T18:42:27.799Z    14.2643    -6.0257    -7.7978
2001-06-16T18:42:31.819Z    14.8205    -6.4552    -8.0490
2001-06-16T18:42:35.838Z    15.9158    -7.2646    -6.1918
2001-06-16T18:42:39.858Z    16.4213    -7.3881    -7.0524
2001-06-16T18:42:43.878Z    16.4404    -6.2111    -9.6590
2001-06-16T18:42:47.898Z    16.8305    -6.3234   -10.1614
2001-06-16T18:42:51.917Z    17.3886    -6.5355    -9.0784
2001-06-16T18:42:55.937Z    16.8087    -6.7043   -10.2891
2001-06-16T18:42:59.957Z    17.3269    -5.5850   -10.4208
2001-06-16T18:43:03.977Z    17.5805    -5.5150    -9.5437
2001-06-16T18:43:07.996Z    15.4529    -3.8995   -12.0227
2001-06-16T18:43:12.016Z    15.1179    -3.2748   -12.3315
2001-06-16T18:43:16.036Z    14.4471    -2.5430   -13.3033
2001-06-16T18:43:20.055Z    15.8158    -2.7888   -11.2156
2001-06-16T18:43:24.075Z    16.7142    -5.5249    -9.0619
2001-06-16T18:43:28.095Z    16.0337    -3.7467    -9.9308
2001-06-16T18:43:32.115Z    15.2719    -2.5900   -11.0426
2001-06-16T18:43:36.134Z    15.0263    -2.9494   -11.5738
2001-06-16T18:43:40.154Z    14.7500    -4.4743   -12.3603
2001-06-16T18:43:44.174Z    13.8167    -5.4263   -12.8503
2001-06-16T18:43:48.194Z    11.6395    -5.1672   -14.2504
2001-06-16T18:43:52.213Z    12.3603    -6.2699   -11.9362
2001-06-16T18:43:56.233Z    12.2944    -8.6249   -11.2156
2001-06-16T18:44:00.253Z    10.1172    -9.9893   -11.0138
2001-06-16T18:44:04.272Z    11.3315   -11.3380    -7.8348
2001-06-16T18:44:08.292Z    10.9801   -11.0977    -4.8082
2001-06-16T18:44:12.312Z    11.1452   -12.7037    -5.2447
2001-06-16T18:44:16.332Z    13.6695   -10.5482    -1.5099
2001-06-16T18:44:20.351Z    11.7205   -11.9216    -5.3765
2001-06-16T18:44:24.371Z    12.5655   -12.1931    -7.0566
2001-06-16T18:44:28.391Z    10.1648    -9.0767    -8.9919
2001-06-16T18:44:32.410Z     6.4459    -7.7896    -7.2954
2001-06-16T18:44:36.430Z     2.0135    -4.9479    -6.0106
2001-06-16T18:44:40.450Z     3.7214   -10.8564    -9.0619
2001-06-16T18:44:44.470Z     5.3377   -14.6012    -9.1072
2001-06-16T18:44:48.489Z     6.0690   -14.8588    -5.4589
2001-06-16T18:44:52.509Z     9.2697   -14.0529    -4.2935
2001-06-16T18:44:56.529Z    12.4505   -15.7936    -1.6993
2001-06-16T18:45:00.549Z    12.4704   -17.2536    -4.5282
2001-06-16T18:45:04.568Z    11.4505   -18.5627    -7.3778
2001-06-16T18:45:08.588Z    13.7817   -13.3243     3.4809
2001-06-16T18:45:12.608Z    11.7105    -9.7390    14.7020
2001-06-16T18:45:16.627Z    11.1329    -7.3879    15.9785
2001-06-16T18:45:20.647Z    10.6409    -4.0956    18.2639
2001-06-16T18:45:24.667Z    10.6365    -3.5631    17.4733
2001-06-16T18:45:28.687Z    11.1884    -4.5847    18.3751
2001-06-16T18:45:32.706Z    12.1401    -4.6312    19.4457
2001-06-16T18:45:36.726Z    13.2703    -4.4428    17.1480
2001-06-16T18:45:40.746Z    12.0770    -3.8219    17.8933
2001-06-16T18:45:44.766Z    11.2723    -3.1127    17.6092
2001-06-16T18:45:48.785Z    10.2240    -2.0236    16.8803
2001-06-16T18:45:52.805Z    10.1610    -1.7823    16.5427
2001-06-16T18:45:56.825Z     9.8243    -1.1604    13.8661
2001-06-16T18:46:00.844Z     9.5946     0.1277    10.2754
2001-06-16T18:46:04.864Z     6.1790     0.9454     9.3941
2001-06-16T18:46:08.884Z     6.1340     0.3497    11.8113
2001-06-16T18:46:12.904Z     6.8454     0.4967    10.3948
2001-06-16T18:46:16.923Z     0.1073    -0.5162    12.9972
2001-06-16T18:46:20.943Z     0.7698     0.4499    13.2072
2001-06-16T18:46:24.963Z     3.7849     0.7608    11.3542
2001-06-16T18:46:28.983Z     4.3212     0.6898    12.1696
2001-06-16T18:46:33.002Z     5.0460     2.1559    10.5018
2001-06-16T18:46:37.022Z     7.1043     0.5748     2.4062
2001-06-16T18:46:41.042Z     2.8413    -1.8998     0.7467
2001-06-16T18:46:45.061Z     5.0030    -6.0324     6.8699
2001-06-16T18:46:49.081Z    11.7066    -0.5257     1.3603
2001-06-16T18:46:53.101Z     9.3691    -1.4539    -0.3775
2001-06-16T18:46:57.121Z    11.3769     0.1416    -0.2375
2001-06-16T18:47:01.140Z     7.5326    -1.9961     1.4632
2001-06-16T18:47:05.160Z     9.6883    -2.9662     1.3150
2001-06-16T18:47:09.180Z     8.5393    -0.6897     1.6691
2001-06-16T18:47:13.200Z     8.6262    -1.9907    -4.4665
2001-06-16T18:47:17.219Z     9.5297    -1.1764    -5.0306
2001-06-16T18:47:21.239Z     9.2549    -1.2901    -2.0864
2001-06-16T18:47:25.259Z     9.3512    -2.2057     0.0879
2001-06-16T18:47:29.278Z    10.6550    -0.3170    -2.6752
2001-06-16T18:47:33.298Z     9.6512    -0.3434    -5.2983
2001-06-16T18:47:37.318Z     7.3896    -1.9513    -9.7990
2001-06-16T18:47:41.338Z    12.7837    -1.7106   -10.6885
2001-06-16T18:47:45.357Z    14.0087    -2.0225   -10.2808
2001-06-16T18:47:49.377Z    11.2275    -2.7108    -6.7395
2001-06-16T18:47:53.397Z     7.1547    -1.7728    -5.5289
2001-06-16T18:47:57.417Z     5.5000    -1.7330    -4.7423
2001-06-16T18:48:01.436Z    13.0694    -4.6246   -10.1820
2001-06-16T18:48:05.456Z    13.6204    -5.1083    -9.9885
2001-06-16T18:48:09.476Z    12.9092    -3.7126   -11.1373
2001-06-16T18:48:13.495Z    11.3270    -4.3463   -11.0838
2001-06-16T18:48:17.515Z    12.1655    -3.7346   -10.5567
2001-06-16T18:48:21.535Z    11.5828    -3.8670   -11.9115
2001-06-16T18:48:25.555Z    11.9881    -3.7823   -11.4791
2001-06-16T18:48:29.574Z    12.5688    -4.9112   -12.1997
2001-06-16T18:48:33.594Z    11.5763    -5.6742   -13.9333
2001-06-16T18:48:37.614Z    11.3766    -5.4077   -13.6986
2001-06-16T18:48:41.634Z    10.9732    -5.2520   -11.9444
2001-06-16T18:48:45.653Z    12.0629    -5.4436   -11.0344
2001-06-16T18:48:49.673Z    11.2312    -4.6360   -11.8991
2001-06-16T18:48:53.693Z    11.4917    -5.3035   -11.6974
2001-06-16T18:48:57.712Z    11.7741    -5.0682   -11.5862
2001-06-16T18:49:01.732Z    11.9039    -5.4113   -10.3755
2001-06-16T18:49:05.752Z    12.9704    -5.0234    -9.1361
2001-06-16T18:49:09.772Z    13.4928    -5.7185   -10.4538
2001-06-16T18:49:13.791Z    10.2832    -6.5146   -13.0933
2001-06-16T18:49:17.811Z     9.5396    -7.3772   -13.5215
2001-06-16T18:49:21.831Z     8.1432    -6.7792   -13.2992
2001-06-16T18:49:25.851Z     6.4570    -5.7782   -13.5916
2001-06-16T18:49:29.870Z     5.5165    -4.0274   -14.1145
2001-06-16T18:49:33.890Z     4.5602    -3.6400   -14.1886
2001-06-16T18:49:37.910Z     4.9561    -3.1230   -13.5298
2001-06-16T18:49:41.929Z     4.8852    -2.8996   -14.0075
2001-06-16T18:49:45.949Z     4.4546    -3.1327   -13.7645
2001-06-16T18:49:49.969Z     3.8026    -2.9697   -14.0157
2001-06-16T18:49:53.989Z     3.7756    -1.5319   -13.8798
2001-06-16T18:49:58.008Z     2.7866    -1.9825   -15.3416
2001-06-16T18:50:02.028Z     2.1994    -2.1043   -14.8228
2001-06-16T18:50:06.048Z     3.4898    -1.5231   -14.2833
2001-06-16T18:50:10.067Z     3.6616    -2.4811   -12.8298
2001-06-16T18:50:14.087Z     4.6647    -1.4411   -11.9444
2001-06-16T18:50:18.107Z     5.5558    -0.3499   -12.6980
2001-06-16T18:50:22.127Z     5.9115    -1.6100   -12.4962
2001-06-16T18:50:26.146Z     6.8085    -1.2520   -13.2498
2001-06-16T18:50:30.166Z     6.0590    -0.5870   -12.6733
2001-06-16T18:50:34.186Z     5.9188    -0.6132   -13.1180
2001-06-16T18:50:38.206Z     5.9714    -0.4062   -13.0768
2001-06-16T18:50:42.225Z     5.7904    -0.6971   -12.6115
2001-06-16T18:50:46.245Z     5.6020    -0.3498   -12.7268
2001-06-16T18:50:50.265Z     5.3463    -0.3302   -12.8874
2001-06-16T18:50:54.284Z     5.1207    -0.3114   -12.5621
2001-06-16T18:50:58.304Z     4.7217    -0.4273   -12.1297
2001-06-16T18:51:02.324Z     3.4466     0.7890   -12.4592
2001-06-16T18:51:06.344Z     2.1136     1.8133   -12.9615
2001-06-16T18:51:10.363Z     2.4223     1.6128   -12.7474
2001-06-16T18:51:14.383Z     3.6035     0.8463   -12.9739
2001-06-16T18:51:18.403Z     5.4940    -1.5333   -12.1874
2001-06-16T18:51:22.423Z     5.9636    -2.0821   -10.8738
2001-06-16T18:51:26.442Z     5.9821    -2.2977   -10.2355
2001-06-16T18:51:30.462Z     6.1907    -1.7795   -10.3508
2001-06-16T18:51:34.482Z     6.2716    -1.8139   -10.6473
2001-06-16T18:51:38.501Z     6.1361    -1.1025   -11.0673
2001-06-16T18:51:42.521Z     7.3171    -1.7767   -11.4750
2001-06-16T18:51:46.541Z     8.3822    -3.1072   -10.6638
2001-06-16T18:51:50.561Z     8.9829    -4.1189   -10.7832
2001-06-16T18:51:54.580Z     9.6192    -5.6914   -10.7750
2001-06-16T18:51:58.600Z     9.9001    -6.0730   -11.5738
2001-06-16T18:52:02.620Z    10.3601    -6.6884   -11.0467
2001-06-16T18:52:06.640Z    11.5277    -7.3191   -10.4538
2001-06-16T18:52:10.659Z    12.3202    -8.0816   -10.1738
2001-06-16T18:52:14.679Z    12.7553    -7.6213   -10.5732
2001-06-16T18:52:18.699Z    14.1025    -8.0793   -10.9850
2001-06-16T18:52:22.718Z    14.8263    -8.4816   -11.0920
2001-06-16T18:52:26.738Z    15.7152    -9.3885   -11.1250
2001-06-16T18:52:30.758Z    16.6414    -9.7866    -9.0414
2001-06-16T18:52:34.778Z    17.1407    -9.9482    -7.0895
2001-06-16T18:52:38.797Z    16.9935    -9.9851    -4.6271
2001-06-16T18:52:42.817Z    16.2709   -10.2245    -3.1776
2001-06-16T18:52:46.837Z    15.2295    -9.6120    -3.0993
2001-06-16T18:52:50.857Z    14.5423    -8.2322    -3.7541
2001-06-16T18:52:54.876Z    13.8225    -7.7021    -4.0629
2001-06-16T18:52:58.896Z    13.4632    -8.0361    -5.4753
2001-06-16T18:53:02.916Z    12.3387    -8.3203    -4.5488
2001-06-16T18:53:06.935Z     8.9009    -7.2231    -0.8963
2001-06-16T18:53:10.955Z     1.4550    -2.7361     6.5693
2001-06-16T18:53:14.975Z    -1.5036    -3.4951     9.9995
2001-06-16T18:53:18.995Z    -1.6252    -1.3421     7.1376
2001-06-16T18:53:23.014Z     0.9262    -0.9431    10.7983
2001-06-16T18:53:27.034Z     0.7940    -4.6972     7.3723
2001-06-16T18:53:31.054Z    -6.9973    -0.1927     9.0977
2001-06-16T18:53:35.074Z    -8.3813    -0.6429    13.6561
2001-06-16T18:53:39.093Z    -8.6357     0.3237    14.0267
2001-06-16T18:53:43.113Z    -9.4411     1.4785    13.8867
2001-06-16T18:53:47.133Z    -8.7807     1.4789    14.9120
2001-06-16T18:53:51.152Z    -8.2968     1.9607    15.9909
2001-06-16T18:53:55.172Z    -8.1127     2.1229    15.6285
2001-06-16T18:53:59.192Z    -8.3008     1.5835    14.7555
2001-06-16T18:54:03.212Z    -8.4865     0.8160    14.9450
2001-06-16T18:54:07.231Z    -8.0290     0.7243    14.5702
2001-06-16T18:54:11.251Z    -7.5896     0.9707    14.6238
2001-06-16T18:54:15.271Z    -7.9217     1.0140    14.8873
2001-06-16T18:54:19.291Z    -9.7557     0.5393    15.1632
2001-06-16T18:54:23.310Z    -9.9818    -0.3242    14.8214
2001-06-16T18:54:27.330Z   -12.4641    -2.5728     8.6118
2001-06-16T18:54:31.350Z   -14.6964    -0.1704     3.3451
2001-06-16T18:54:35.369Z   -13.5722     1.0121     1.1461
2001-06-16T18:54:39.389Z   -10.8563     3.4629     8.0023
2001-06-16T18:54:43.409Z    -7.9339     8.9625    10.8477
2001-06-16T18:54:47.429Z    -8.5021     7.9532     6.6187
2001-06-16T18:54:51.448Z   -11.4600     8.0534    11.3130
2001-06-16T18:54:55.468Z    -9.3770     6.7822    13.8167
2001-06-16T18:54:59.488Z    -7.1450     6.3564    13.5037
2001-06-16T18:55:03.507Z    -6.3810     5.6205    14.5497
2001-06-16T18:55:07.527Z    -6.1999     4.5373    15.0067
2001-06-16T18:55:11.547Z    -6.1490     4.1735    14.5744
2001-06-16T18:55:15.567Z    -6.4241     3.8797    14.0679
2001-06-16T18:55:19.586Z    -5.9956     3.6921    14.2573
2001-06-16T18:55:23.606Z    -6.2437     2.7664    14.3232
2001-06-16T18:55:27.626Z    -5.6194     3.4661    14.2449
2001-06-16T18:55:31.646Z    -6.1534     2.8332    13.9608
2001-06-16T18:55:35.665Z    -6.8966     2.6497    13.9073
2001-06-16T18:55:39.685Z    -7.5947     3.3113    13.0508
2001-06-16T18:55:43.705Z    -8.2488     2.4855    12.3301
2001-06-16T18:55:47.724Z    -8.3835     1.8761    14.3026
2001-06-16T18:55:51.744Z    -6.7094     2.6716    15.4020
2001-06-16T18:55:55.764Z    -8.2872     0.6995    11.1483
2001-06-16T18:55:59.784Z    -5.7140     1.4678     6.9440
2001-06-16T18:56:03.803Z     3.1860    -1.1877     4.9634
2001-06-16T18:56:07.823Z    11.0370    -0.6850     1.6073
2001-06-16T18:56:11.843Z    16.5484    -2.0878    -3.3135
2001-06-16T18:56:15.863Z    13.0773     1.2843    -3.9023
2001-06-16T18:56:19.882Z     8.3838     4.1605    -0.5175
2001-06-16T18:56:23.902Z    10.2770     5.5364     0.0508
2001-06-16T18:56:27.922Z    12.6845    -4.1856   -10.2479
2001-06-16T18:56:31.941Z    14.4327    -6.7512    -8.0860
2001-06-16T18:56:35.961Z    11.8594    -4.5798    -8.7325
2001-06-16T18:56:39.981Z     7.8839    -3.2571    -6.4060
2001-06-16T18:56:44.001Z     7.2335    -8.9479    -3.6017
2001-06-16T18:56:48.020Z    12.5246    -8.1786    -5.9283
2001-06-16T18:56:52.040Z     8.0794    -4.3882    -4.6188
2001-06-16T18:56:56.060Z     4.5145    -2.1898     1.2697
2001-06-16T18:57:00.080Z     3.3555    -2.2363    11.5684
2001-06-16T18:57:04.099Z    -1.2228     0.4371    15.9785
2001-06-16T18:57:08.119Z    -8.7996     5.0568    14.5044
2001-06-16T18:57:12.139Z    -6.6713     5.1065    13.5202
2001-06-16T18:57:16.158Z    -3.0480     0.8047    15.5379
2001-06-16T18:57:20.178Z    -3.0117    -0.2594    14.6238
2001-06-16T18:57:24.198Z    -0.7417    -1.1670    15.3197
2001-06-16T18:57:28.218Z     0.9124    -2.3962    13.5243
2001-06-16T18:57:32.237Z     4.1498    -2.7467    12.8119
2001-06-16T18:57:36.257Z     3.5831    -2.0838    12.3137
2001-06-16T18:57:40.277Z     3.4809    -5.2591     9.2088
2001-06-16T18:57:44.297Z     1.7895    -0.2825    11.7331
2001-06-16T18:57:48.316Z     3.2375    -2.8030     9.4147
2001-06-16T18:57:52.336Z     0.5528    -2.0929     9.8430
2001-06-16T18:57:56.356Z    -5.1870     1.5450     6.2193
2001-06-16T18:58:00.375Z    -6.3346     2.3276     1.5497
2001-06-16T18:58:04.395Z    -5.3232     5.4038     3.5715
2001-06-16T18:58:08.415Z     6.8247    -6.1214    -2.0205
2001-06-16T18:58:12.435Z     7.0863    -7.6685    -5.5700
2001-06-16T18:58:16.454Z     5.6191    -6.8585     0.4214
2001-06-16T18:58:20.474Z     5.6743    -6.3577     7.7882
2001-06-16T18:58:24.494Z     5.6963    -4.7183    10.3536
2001-06-16T18:58:28.514Z     4.2417    -4.7648    10.9383
2001-06-16T18:58:32.533Z     1.9898    -4.4909    11.8854
2001-06-16T18:58:36.553Z     4.5544    -3.2486    11.7207
2001-06-16T18:58:40.573Z     3.5409    -3.2724    10.4607
2001-06-16T18:58:44.592Z     2.6897    -5.1729    10.1518
2001-06-16T18:58:48.612Z    -1.5051    -4.9064    10.7613
2001-06-16T18:58:52.632Z    -1.0189    -4.5834    11.3172
2001-06-16T18:58:56.652Z     1.2722    -5.6969    11.6260
2001-06-16T18:59:00.671Z     4.4944    -4.1453    11.9390
2001-06-16T18:59:04.691Z    10.3026    -2.4440     2.9950
2001-06-16T18:59:08.711Z     6.7778    -3.7569     9.8430
2001-06-16T18:59:12.731Z     6.0356    -0.7788    10.6130
2001-06-16T18:59:16.750Z     7.9466    -4.2235     7.2282
2001-06-16T18:59:20.770Z    10.0073    -4.9312     4.6216
2001-06-16T18:59:24.790Z    12.6774    -3.6744    -0.9292
2001-06-16T18:59:28.809Z    10.7468    -3.9240    -1.3822
2001-06-16T18:59:32.829Z     9.5494    -6.0404    -3.0829
2001-06-16T18:59:36.849Z     9.1605    -7.0687    -6.7230
2001-06-16T18:59:40.869Z     4.4568    -1.6335    -3.6264
2001-06-16T18:59:44.888Z     4.8421    -2.4834    -4.5076
2001-06-16T18:59:48.908Z     5.8528    -2.3887    -7.1719
2001-06-16T18:59:52.928Z     8.4012    -2.3944    -5.7471
2001-06-16T18:59:56.948Z     6.4403    -2.3477    -6.4348
2001-06-16T19:00:00.967Z     5.1338    -1.5789    -3.6264
2001-06-16T19:00:04.987Z    11.3520    -1.9834    -6.8466
2001-06-16T19:00:09.007Z     9.8100    -4.0522    -8.0531
2001-06-16T19:00:13.026Z     6.1247    -1.6821    -5.5741
2001-06-16T19:00:17.046Z     5.9789    -2.3953    -7.0854
2001-06-16T19:00:21.066Z     9.5951    -2.9505    -8.4937
2001-06-16T19:00:25.086Z     7.2682    -2.8189    -6.7436
2001-06-16T19:00:29.105Z     5.6198    -2.2421    -8.4072
2001-06-16T19:00:33.125Z     4.3461    -4.1201    -8.3866
2001-06-16T19:00:37.145Z     5.6354    -3.1927    -6.2412
2001-06-16T19:00:41.164Z     6.5102    -1.2273    -3.3052
2001-06-16T19:00:45.184Z     3.7896    -0.3975    -2.6299
2001-06-16T19:00:49.204Z     0.6944     0.4461    -3.4329
2001-06-16T19:00:53.224Z     1.0187    -0.7165    -1.9793
2001-06-16T19:00:57.243Z     3.9141    -2.5984    -2.6011
2001-06-16T19:01:01.263Z     7.7190    -3.8657    -0.6245
2001-06-16T19:01:05.283Z     9.8551    -3.2186     1.0926
2001-06-16T19:01:09.303Z     9.9380    -4.6589     0.3802
2001-06-16T19:01:13.322Z    10.2002    -2.3609     0.2649
2001-06-16T19:01:17.342Z     8.9020    -0.8492     1.1791
2001-06-16T19:01:21.362Z     8.8478    -0.2991     2.0315
2001-06-16T19:01:25.381Z    10.4805    -2.2970     1.4673
2001-06-16T19:01:29.401Z    10.2645    -3.8235     1.2450
2001-06-16T19:01:33.421Z    10.7833    -2.5933     1.0350
2001-06-16T19:01:37.441Z    11.6749    -2.7306     2.2538
2001-06-16T19:01:41.460Z    11.0738    -2.1601     3.1803
2001-06-16T19:01:45.480Z    10.4199    -0.8752     5.1528
2001-06-16T19:01:49.500Z    11.3510    -1.1500     5.3504
2001-06-16T19:01:53.520Z    10.4827    -2.4328     4.0574
2001-06-16T19:01:57.539Z     9.3439    -4.5535    -0.0563
2001-06-16T19:02:01.559Z     9.7343    -5.3377     3.7280
2001-06-16T19:02:05.579Z     9.0699    -4.1150     7.2117
2001-06-16T19:02:09.598Z     8.8273    -3.7510     4.0657
2001-06-16T19:02:13.618Z     7.2687    -4.8417     5.0498
2001-06-16T19:02:17.638Z     8.1367    -4.0232     6.2769
2001-06-16T19:02:21.658Z     8.4338    -4.2237     5.9063
2001-06-16T19:02:25.677Z     6.8663    -3.9306     6.7176
2001-06-16T19:02:29.697Z     7.9100    -3.9192     8.0847
2001-06-16T19:02:33.717Z    10.0407    -4.3124     1.9491
2001-06-16T19:02:37.737Z    10.0304    -5.2151     6.7917
2001-06-16T19:02:41.756Z     9.1322    -5.7605     9.7442
2001-06-16T19:02:45.776Z     9.7113    -5.6218     9.4312
2001-06-16T19:02:49.796Z     8.0311    -4.2987    10.5060
2001-06-16T19:02:53.815Z     4.5278    -3.5035    11.5889
2001-06-16T19:02:57.835Z     4.8284    -4.2205    11.0372
2001-06-16T19:03:01.855Z     9.7242    -4.9703     6.5364
2001-06-16T19:03:05.875Z    11.5006    -4.2348    -2.6628
2001-06-16T19:03:09.894Z    11.9293    -4.2538    -7.0772
2001-06-16T19:03:13.914Z    11.5489    -4.6314    -6.3607
2001-06-16T19:03:17.934Z     9.3595    -3.6428    -7.1513
2001-06-16T19:03:21.954Z     9.1807    -2.4690    -8.9796
2001-06-16T19:03:25.973Z     8.8090    -3.0596    -8.3207
2001-06-16T19:03:29.993Z     8.2750    -5.3044    -5.6565
2001-06-16T19:03:34.013Z    12.1757    -4.6701    -4.6929
2001-06-16T19:03:38.032Z     7.9899    -4.1754    -3.4658
2001-06-16T19:03:42.052Z    10.1559    -2.1090    -6.0930
2001-06-16T19:03:46.072Z    13.3284    -4.0361    -4.8741
2001-06-16T19:03:50.092Z    12.7903    -5.8637    -1.9628
2001-06-16T19:03:54.111Z    11.9747    -4.8288    -4.1000
2001-06-16T19:03:58.131Z    11.9982    -0.1315   -12.5374
2001-06-16T19:04:02.151Z    12.5845     2.3895   -12.7103
2001-06-16T19:04:06.171Z    12.9727    -2.5150   -13.9539
2001-06-16T19:04:10.190Z    13.0842    -6.4228   -14.3369
2001-06-16T19:04:14.210Z     9.5822   -10.3221   -12.4880
2001-06-16T19:04:18.230Z    10.3870    -8.8860   -12.7474
2001-06-16T19:04:22.249Z     8.8720   -11.8823   -13.3198
2001-06-16T19:04:26.269Z    11.8392    -4.9003   -15.1151
2001-06-16T19:04:30.289Z     7.1672   -12.2429   -11.2650
2001-06-16T19:04:34.309Z     8.5194   -11.8293   -12.5415
2001-06-16T19:04:38.328Z     9.8876    -8.7128   -13.6821
2001-06-16T19:04:42.348Z     8.5566    -9.6510   -12.9203
2001-06-16T19:04:46.368Z     6.5426    -5.8924   -10.3179
2001-06-16T19:04:50.388Z     5.2984    -3.3074    -7.8101
2001-06-16T19:04:54.407Z     4.7848    -7.6841   -12.3480
2001-06-16T19:04:58.427Z     4.8999    -9.1802    -9.8526
2001-06-16T19:05:02.447Z     7.1084   -10.0472   -12.3356
2001-06-16T19:05:06.466Z     6.5569   -11.5358   -11.4379
2001-06-16T19:05:10.486Z     4.8105   -10.0575   -12.2286
2001-06-16T19:05:14.506Z     6.5772    -9.6380   -12.5745
2001-06-16T19:05:18.526Z     7.9639   -10.2565    -9.8937
2001-06-16T19:05:22.545Z     8.3899    -9.4447   -10.9150
2001-06-16T19:05:26.565Z     5.4666    -6.1090   -15.3705
2001-06-16T19:05:30.585Z     4.0148    -6.4644   -15.7534
2001-06-16T19:05:34.605Z    -0.2255    -6.4173   -16.0952
2001-06-16T19:05:38.624Z     0.4272   -10.2611   -14.4110
2001-06-16T19:05:42.644Z     2.9210   -10.3957   -13.8098
2001-06-16T19:05:46.664Z    10.5743    -1.6682    -9.8649
2001-06-16T19:05:50.683Z    15.8530     0.4449    -1.7240
2001-06-16T19:05:54.703Z     7.8003    -5.3433    -9.1278
2001-06-16T19:05:58.723Z     8.8350    -2.8581    -9.3749
2001-06-16T19:06:02.743Z     1.1878    -4.6010   -14.3245
2001-06-16T19:06:06.762Z     0.8401    -3.3462   -15.8975
2001-06-16T19:06:10.782Z     0.7278    -4.2581   -15.9140
2001-06-16T19:06:14.802Z     1.6857    -5.6520   -15.8234
2001-06-16T19:06:18.821Z     4.0935    -5.3076   -15.1934
2001-06-16T19:06:22.841Z     7.0504    -4.3365   -14.5963
2001-06-16T19:06:26.861Z     7.3900    -3.4292   -14.5016
2001-06-16T19:06:30.881Z     6.8370    -4.2183   -15.9964
2001-06-16T19:06:34.900Z     8.2453    -3.8417   -15.0369
2001-06-16T19:06:38.920Z    10.0461    -2.7387   -13.6451
2001-06-16T19:06:42.940Z    10.2404    -1.9117   -13.6327
2001-06-16T19:06:46.960Z     9.7003    -1.7652   -12.2203
2001-06-16T19:06:50.979Z     7.7254    -1.2525   -13.5339
2001-06-16T19:06:54.999Z     9.8249    -3.4672   -12.4592
2001-06-16T19:06:59.019Z     9.2034    -4.4874   -11.2732
2001-06-16T19:07:03.038Z    10.4164    -4.6378    -9.4778
2001-06-16T19:07:07.058Z    10.5878    -4.6745    -0.4845
2001-06-16T19:07:11.078Z    10.6665    -2.1668     4.6422
2001-06-16T19:07:15.098Z     4.9602     0.1824   -14.3739
2001-06-16T19:07:19.117Z    11.7607    -2.9025   -11.9444
2001-06-16T19:07:23.137Z    14.5353    -2.6244    -9.6261
2001-06-16T19:07:27.157Z    13.7427    -2.8942    -9.5190
2001-06-16T19:07:31.177Z    13.6102    -3.0943    -9.3914
2001-06-16T19:07:35.196Z    14.5591    -2.5826   -10.3096
2001-06-16T19:07:39.216Z    12.1450    -1.5796   -13.4968
2001-06-16T19:07:43.236Z    10.5404    -1.0932   -13.3115
2001-06-16T19:07:47.255Z    10.8573    -0.8232   -14.1886
2001-06-16T19:07:51.275Z    10.2540    -1.1722   -14.4769
2001-06-16T19:07:55.295Z    10.6508    -1.1931   -16.3299
2001-06-16T19:07:59.315Z    11.6410    -2.4165   -15.6752
2001-06-16T19:08:03.334Z    14.7933    -3.8697   -12.6197
2001-06-16T19:08:07.354Z    16.1703    -4.7696   -10.8408
2001-06-16T19:08:11.374Z    16.0782    -5.3841    -9.8032
2001-06-16T19:08:15.394Z    16.3714    -6.2575    -8.0366
2001-06-16T19:08:19.413Z    16.3727    -5.3335    -8.4813
2001-06-16T19:08:23.433Z    15.7905    -6.1609    -9.0825
2001-06-16T19:08:27.453Z    14.9044    -7.6852    -8.3784
2001-06-16T19:08:31.472Z    15.6879    -5.7130    -8.1807
2001-06-16T19:08:35.492Z    15.2968    -4.2222    -9.1237
2001-06-16T19:08:39.512Z    15.6086    -1.8841   -10.9932
2001-06-16T19:08:43.532Z    16.7709    -5.7697    -8.7037
2001-06-16T19:08:47.551Z    15.7254    -7.3842    -5.1788
2001-06-16T19:08:51.571Z    15.6434    -6.7427    -6.0724
2001-06-16T19:08:55.591Z    14.4776    -3.1580   -10.2314
2001-06-16T19:08:59.611Z    13.7177    -2.3404   -12.1091
2001-06-16T19:09:03.630Z    14.9678    -5.1136   -10.3302
2001-06-16T19:09:07.650Z    14.9532    -3.9065   -10.5320
2001-06-16T19:09:11.670Z    14.7842    -3.8023    -9.8279
2001-06-16T19:09:15.689Z    14.4068    -1.8792   -10.9520
2001-06-16T19:09:19.709Z    11.9989    -2.2121   -14.3781
2001-06-16T19:09:23.729Z    11.2371    -2.1338   -13.7645
2001-06-16T19:09:27.749Z    14.4229    -6.2036    -9.6137
2001-06-16T19:09:31.768Z    11.8538    -5.0174    -9.0825
2001-06-16T19:09:35.788Z    12.6894    -5.9466   -10.6761
2001-06-16T19:09:39.808Z    14.9274    -6.3111    -9.0990
2001-06-16T19:09:43.828Z    14.2142    -5.9042    -9.0537
2001-06-16T19:09:47.847Z    14.1255    -5.6498    -9.0578
2001-06-16T19:09:51.867Z    13.8806    -4.6166    -9.9473
2001-06-16T19:09:55.887Z    11.6026    -5.8144    -8.9549
2001-06-16T19:09:59.906Z     9.9636    -5.1594    -9.7290
2001-06-16T19:10:03.926Z    10.6963    -4.2091    -9.0496
2001-06-16T19:10:07.946Z     9.7148    -4.0046    -9.2143
2001-06-16T19:10:11.966Z     9.9989     0.5240   -12.0844
2001-06-16T19:10:15.985Z    13.9510    -5.4844   -10.7420
2001-06-16T19:10:20.005Z    15.0551    -9.7537    -7.6948
2001-06-16T19:10:24.025Z    13.8618    -9.9041    -6.6695
2001-06-16T19:10:28.045Z    13.8835    -5.2210   -10.4744
2001-06-16T19:10:32.064Z    13.5245    -7.2477   -10.1532
2001-06-16T19:10:36.084Z    14.5851    -6.6717    -9.7620
2001-06-16T19:10:40.104Z    14.4129    -7.2101   -10.4785
2001-06-16T19:10:44.123Z    13.4483    -7.5311   -11.8085
2001-06-16T19:10:48.143Z    13.5377    -6.4044   -11.5244
2001-06-16T19:10:52.163Z    13.4459    -5.7603   -11.4379
2001-06-16T19:10:56.183Z    13.3856    -6.8257   -11.5450
2001-06-16T19:11:00.202Z    14.0462    -6.6335   -10.4373
2001-06-16T19:11:04.222Z    15.8319    -6.8406    -8.5431
2001-06-16T19:11:08.242Z    16.0134    -8.3232    -6.9454
2001-06-16T19:11:12.261Z    14.9066    -7.2644    -8.6543
2001-06-16T19:11:16.281Z    14.9852    -7.9459    -6.9371
2001-06-16T19:11:20.301Z    15.6140    -7.5177    -7.4766
2001-06-16T19:11:24.321Z    15.4543    -7.0052    -8.1643
2001-06-16T19:11:28.340Z    15.3617    -6.9363    -9.0702
2001-06-16T19:11:32.360Z    13.2005    -5.9049    -8.4484
2001-06-16T19:11:36.380Z    10.9363    -5.6613    -7.6289
2001-06-16T19:11:40.400Z    12.1906    -6.2074    -6.5913
2001-06-16T19:11:44.419Z    13.1215    -5.8795    -6.5171
2001-06-16T19:11:48.439Z    13.6836    -5.4187    -7.6042
2001-06-16T19:11:52.459Z    12.8452    -5.0212    -7.9666
2001-06-16T19:11:56.478Z    14.7685    -4.7015    -6.4018
2001-06-16T19:12:00.498Z    10.0175    -2.3935    -8.9714
2001-06-16T19:12:04.518Z     8.7305    -6.1470    -6.8219
2001-06-16T19:12:08.538Z    12.8265    -5.5307    -7.5178
2001-06-16T19:12:12.557Z    13.1904    -4.9925    -8.5596
2001-06-16T19:12:16.577Z    12.4186    -6.1818    -4.2564
2001-06-16T19:12:20.597Z    11.1172    -5.8693    -2.6587
2001-06-16T19:12:24.617Z     8.8822    -4.7929     4.8975
2001-06-16T19:12:28.636Z     4.2634    -6.2337     9.4765
2001-06-16T19:12:32.656Z     4.4775    -6.8091    10.6377
2001-06-16T19:12:36.676Z     1.7408    -7.5575    13.9155
2001-06-16T19:12:40.695Z     4.8870    -6.9036    12.6431
2001-06-16T19:12:44.715Z     6.3554    -6.4478    13.2196
2001-06-16T19:12:48.735Z     5.8916    -5.5076    13.1702
2001-06-16T19:12:52.755Z     2.4997    -7.2923    15.2662
2001-06-16T19:12:56.774Z     3.8499    -7.3339    14.5702
2001-06-16T19:13:00.794Z     5.3774    -7.0440    14.2943
2001-06-16T19:13:04.814Z     2.6758    -6.6029    15.4638
2001-06-16T19:13:08.834Z     4.7004    -2.8310    15.9415
2001-06-16T19:13:12.853Z     3.3455    -0.8481    15.8056
2001-06-16T19:13:16.873Z     3.9402     1.8478    13.0549
2001-06-16T19:13:20.893Z     2.7658    -1.8805    14.7844
2001-06-16T19:13:24.912Z     0.8466    -1.5505    15.6491
2001-06-16T19:13:28.932Z     0.1720    -0.7317    16.0650
2001-06-16T19:13:32.952Z    -1.3112    -2.3405    16.2215
2001-06-16T19:13:36.972Z    -3.2492    -1.9751    16.5468
2001-06-16T19:13:40.991Z    -4.0163    -1.3714    17.1768
2001-06-16T19:13:45.011Z    -2.4981    -1.5012    17.8357
2001-06-16T19:13:49.031Z    -1.3652    -3.1990    18.1075
2001-06-16T19:13:53.051Z    -1.5074    -3.9415    17.4362
2001-06-16T19:13:57.070Z    -2.2218    -4.2555    16.4850
2001-06-16T19:14:01.090Z    -2.7935    -4.2147    17.1974
2001-06-16T19:14:05.110Z    -1.7879    -4.4812    17.3045
2001-06-16T19:14:09.129Z    -4.4407    -7.2194    14.3396
2001-06-16T19:14:13.149Z   -11.7808    -3.8540    10.6089
2001-06-16T19:14:17.169Z    -7.0979     2.5834    13.7096
2001-06-16T19:14:21.189Z    -4.1866    -4.0756    17.5557
2001-06-16T19:14:25.208Z    -6.3550    -4.6322    14.0761
2001-06-16T19:14:29.228Z    -2.8191    -0.2641    17.3127
2001-06-16T19:14:33.248Z    -1.5119     2.2326    15.2703
2001-06-16T19:14:37.268Z     0.8624    -4.7157    16.4439
2001-06-16T19:14:41.287Z    -1.6984    -0.4033    17.2427
2001-06-16T19:14:45.307Z    -3.5404    -1.4177    16.0074
2001-06-16T19:14:49.327Z    -8.1758    -3.9912    11.9554
2001-06-16T19:14:53.346Z    -4.0768     3.2280    15.3362
2001-06-16T19:14:57.366Z    -0.9386     2.7857    13.8043
2001-06-16T19:15:01.386Z    -0.2724     3.9951    13.1908
2001-06-16T19:15:05.406Z     0.7954     3.4457    13.6520
2001-06-16T19:15:09.425Z     1.0461    -1.2259    14.8750
2001-06-16T19:15:13.445Z     0.3387    -0.7001    15.2950
2001-06-16T19:15:17.465Z     0.2121    -1.0538    14.9697
2001-06-16T19:15:21.485Z    -0.6600    -1.1827    15.6944
2001-06-16T19:15:25.504Z    -2.0696    -1.9614    15.9168
2001-06-16T19:15:29.524Z    -2.9092    -3.3284    15.4679
2001-06-16T19:15:33.544Z     0.3528    -1.4731    16.0280
2001-06-16T19:15:37.563Z    -1.3984    -1.2082    16.3203
2001-06-16T19:15:41.583Z    -1.7782    -1.4980    16.0032
2001-06-16T19:15:45.603Z    -1.8145    -1.5238    16.2750
2001-06-16T19:15:49.623Z    -2.9996    -1.2153    16.0774
2001-06-16T19:15:53.642Z    -2.1891    -0.9765    15.9744
2001-06-16T19:15:57.662Z     0.2845    -2.8172    15.6491
2001-06-16T19:16:01.682Z    -1.5096    -2.2169    15.4638
2001-06-16T19:16:05.702Z    -0.5799    -2.3257    15.3609
2001-06-16T19:16:09.721Z    -2.2301    -1.1950    15.6573
2001-06-16T19:16:13.741Z     0.4790    -0.9925    16.4397
2001-06-16T19:16:17.761Z    -0.5695    -3.0348    16.3986
2001-06-16T19:16:21.780Z    -2.5305    -2.9650    15.5256
2001-06-16T19:16:25.800Z    -4.8816    -5.1545    14.1543
2001-06-16T19:16:29.820Z    -5.0416    -3.4944    14.2367
2001-06-16T19:16:33.840Z    -2.5043    -2.8442    13.7426
2001-06-16T19:16:37.859Z    -3.5987    -2.8336    15.0726
2001-06-16T19:16:41.879Z    -6.2984    -2.9580    14.2902
2001-06-16T19:16:45.899Z    -5.8308    -9.5922     9.0029
2001-06-16T19:16:49.918Z    -2.6029    -0.9406    14.4549
2001-06-16T19:16:53.938Z    -5.2375     2.0543    13.1167
2001-06-16T19:16:57.958Z    -7.9855     3.3935    11.5313
2001-06-16T19:17:01.978Z    -2.1913    -2.7251    14.4961
2001-06-16T19:17:05.997Z     5.6517    -4.1015     8.1341
2001-06-16T19:17:10.017Z     9.1322    -7.9173     5.5563
2001-06-16T19:17:14.037Z     7.0492    -4.7502     9.3283
2001-06-16T19:17:18.057Z     2.8274     5.7620    11.3007
2001-06-16T19:17:22.076Z     4.4055    -6.5235    13.8661
2001-06-16T19:17:26.096Z     1.3344    -3.8575    14.6361
2001-06-16T19:17:30.116Z     3.0832     0.6342    15.9909
2001-06-16T19:17:34.135Z     1.6122    -1.1477    16.0197
2001-06-16T19:17:38.155Z     2.3488    -1.3973    15.2785
2001-06-16T19:17:42.175Z     0.7235    -2.1598    14.8873
2001-06-16T19:17:46.195Z    -1.1760    -4.0265    14.2367
2001-06-16T19:17:50.214Z    -1.7927    -5.4337    14.0967
2001-06-16T19:17:54.234Z     0.0640    -3.7881    15.4720
2001-06-16T19:17:58.254Z     0.9175    -2.3074    15.4844
2001-06-16T19:18:02.274Z     1.4333    -0.2234    14.8914
2001-06-16T19:18:06.293Z     0.8608     0.8425    14.3808
2001-06-16T19:18:10.313Z    -0.0684    -0.7760    14.8297
2001-06-16T19:18:14.333Z    -0.6682    -1.3922    15.7562
2001-06-16T19:18:18.352Z    -1.2170    -1.5893    16.0856
2001-06-16T19:18:22.372Z    -1.7116    -2.0525    16.6539
2001-06-16T19:18:26.392Z    -1.8693    -1.0616    16.1556
2001-06-16T19:18:30.412Z    -2.4972    -0.1663    16.8021
2001-06-16T19:18:34.431Z    -2.5590    -1.5875    16.4150
2001-06-16T19:18:38.451Z    -3.4619     0.0808    15.8179
2001-06-16T19:18:42.471Z    -1.9544    -0.3145    16.5015
2001-06-16T19:18:46.491Z    -0.3350    -2.5645    15.8427
2001-06-16T19:18:50.510Z    -1.5124    -4.0419    16.2915
2001-06-16T19:18:54.530Z    -1.0916    -3.2727    16.8021
2001-06-16T19:18:58.550Z    -1.8345    -2.2091    16.9627
2001-06-16T19:19:02.569Z    -2.8897    -2.2322    16.5921
2001-06-16T19:19:06.589Z    -2.6514    -2.3707    15.8797
2001-06-16T19:19:10.609Z    -2.9455    -2.2758    16.8515
2001-06-16T19:19:14.629Z    -3.0567    -2.2061    16.7609
2001-06-16T19:19:18.648Z    -2.4604    -2.1517    16.7033
2001-06-16T19:19:22.668Z    -1.7745    -2.3678    16.2544
2001-06-16T19:19:26.688Z    -2.0370    -2.4166    17.1068
2001-06-16T19:19:30.708Z    -2.0350    -2.7672    17.3580
2001-06-16T19:19:34.727Z    -2.4207    -2.6078    16.7362
2001-06-16T19:19:38.747Z    -2.9530    -4.0209    16.3121
2001-06-16T19:19:42.767Z    -4.7207    -4.4244    15.9168
2001-06-16T19:19:46.786Z    -7.4946    -4.1274    14.6402
2001-06-16T19:19:50.806Z    -9.0351    -2.6165    15.6162
2001-06-16T19:19:54.826Z   -11.2790    -2.8928    11.6136
2001-06-16T19:19:58.846Z   -14.5917    -5.2595     7.1788
2001-06-16T19:20:02.865Z   -10.2929     5.4273    14.6279
2001-06-16T19:20:06.885Z    -4.7739     8.9472    12.2231
2001-06-16T19:20:10.905Z    -6.1551     5.2253    13.1619
2001-06-16T19:20:14.925Z    -4.9772     1.4560    17.8027
2001-06-16T19:20:18.944Z    -3.2978     0.9086    16.4603
2001-06-16T19:20:22.964Z    -4.4033     2.6535    16.6292
2001-06-16T19:20:26.984Z    -2.1009    -0.5591    16.1268
2001-06-16T19:20:31.003Z    -3.0669     0.3298    15.0644
2001-06-16T19:20:35.023Z    -2.2306    -1.0450    15.5626
2001-06-16T19:20:39.043Z    -1.9071    -0.9099    15.5956
2001-06-16T19:20:43.063Z    -1.2220    -1.6665    15.9580
2001-06-16T19:20:47.082Z    -0.2309    -1.0331    15.5585
2001-06-16T19:20:51.102Z    -1.8409    -1.6100    15.3197
2001-06-16T19:20:55.122Z    -3.6191    -1.2467    15.7068
2001-06-16T19:20:59.142Z    -4.0998    -1.8918    16.5139
2001-06-16T19:21:03.161Z    -3.8181    -1.9823    17.0080
2001-06-16T19:21:07.181Z    -2.9968    -2.0807    16.7939
2001-06-16T19:21:11.201Z    -2.7094    -1.7451    16.3244
2001-06-16T19:21:15.220Z    -3.1955    -2.3867    16.3491
2001-06-16T19:21:19.240Z    -3.2910    -2.2006    16.6127
2001-06-16T19:21:23.260Z    -3.4169    -1.4688    16.8639
2001-06-16T19:21:27.280Z    -4.3657    -1.4702    16.4274
2001-06-16T19:21:31.299Z    -5.2622    -0.6503    15.8179
2001-06-16T19:21:35.319Z    -5.4100    -2.3985    15.5585
2001-06-16T19:21:39.339Z    -4.6403    -4.8537    14.2779
2001-06-16T19:21:43.359Z    -8.0776    -3.6225     7.4341
2001-06-16T19:21:47.378Z    -5.5348    -2.7726    11.7207
2001-06-16T19:21:51.398Z    -5.0330    -0.4490    11.7784
2001-06-16T19:21:55.418Z    -2.9691     1.9038    12.6843
2001-06-16T19:21:59.437Z    -5.8696     3.4475    13.2690
2001-06-16T19:22:03.457Z    -6.4143     2.5377    14.4961
2001-06-16T19:22:07.477Z    -1.5893     2.2839    14.8214
2001-06-16T19:22:11.497Z     0.9937     0.3938    15.5873
2001-06-16T19:22:15.516Z    -1.3876     0.6229    15.6656
2001-06-16T19:22:19.536Z    16.6414    -9.7866    -9.0414
2001-06-16T19:22:23.556Z     2.1716    -1.2301    14.6567
2001-06-16T19:22:27.575Z     4.5950    -2.3698    12.8531
2001-06-16T19:22:31.595Z     6.0749    -4.3202    10.1971
2001-06-16T19:22:35.615Z     4.1242    -3.8465    13.8373
2001-06-16T19:22:39.635Z     3.1022    -4.5556    14.3479
2001-06-16T19:22:43.654Z     0.1780    -6.3121    11.2513
2001-06-16T19:22:47.674Z     4.3850    -4.3569    13.3925
2001-06-16T19:22:51.694Z     6.3957    -0.4031    14.6897
2001-06-16T19:22:55.714Z     4.2761    -0.4163    13.6561
2001-06-16T19:22:59.733Z     3.3484    -3.5748    10.1971
2001-06-16T19:23:03.753Z     1.1377    -5.5464     9.2830
2001-06-16T19:23:07.773Z     1.8697    -1.9936     7.8705
2001-06-16T19:23:11.792Z    -0.0261    -2.8227     8.0023
2001-06-16T19:23:15.812Z     1.0306    -1.3653     9.8553
2001-06-16T19:23:19.832Z     4.3301    -2.5206     3.9010
2001-06-16T19:23:23.852Z     1.7506    -1.4082     5.8858
2001-06-16T19:23:27.871Z     0.8579    -4.9660     4.0863
2001-06-16T19:23:31.891Z     3.6405    -7.0879     8.4347
2001-06-16T19:23:35.911Z     5.9763    -8.8527    10.1848
2001-06-16T19:23:39.931Z     6.4945    -7.9944    13.4790
2001-06-16T19:23:43.950Z     6.9108    -7.7365    13.3349
2001-06-16T19:23:47.970Z     8.2103    -8.2666    13.5984
2001-06-16T19:23:51.990Z     9.2078    -6.6088    14.1461
2001-06-16T19:23:56.009Z     8.8305     2.4871    12.9355
2001-06-16T19:24:00.029Z     5.4191    -1.4262    11.8978
2001-06-16T19:24:04.049Z     6.9435    -3.6863    11.5519
2001-06-16T19:24:08.069Z     4.0312    -0.9719     8.5829
2001-06-16T19:24:12.088Z     5.0764    -1.1149    12.3507
2001-06-16T19:24:16.108Z     2.5770     2.3163    14.4014
2001-06-16T19:24:20.128Z    -0.4090     5.2906    15.1756
2001-06-16T19:24:24.148Z     1.5464     2.6262    12.8284
2001-06-16T19:24:28.167Z     4.0522     2.8635    11.9431
2001-06-16T19:24:32.187Z     3.3344     2.4981    11.0207
2001-06-16T19:24:36.207Z     2.0466     2.4601     8.7065
2001-06-16T19:24:40.226Z     2.9723    -6.0623    10.4895
2001-06-16T19:24:44.246Z     8.5858    -1.5994    12.5566
2001-06-16T19:24:48.266Z    11.8122     8.5691     7.5947
2001-06-16T19:24:52.286Z    10.3934     7.9040     7.1746
2001-06-16T19:24:56.305Z     6.8180     2.5834    10.9960
2001-06-16T19:25:00.325Z     6.7004     1.3678     9.2541
2001-06-16T19:25:04.345Z     9.0566     0.9558    -3.9353
2001-06-16T19:25:08.365Z     9.2695     1.8051   -10.8738
2001-06-16T19:25:12.384Z    10.2511     1.0210   -11.0344
2001-06-16T19:25:16.404Z     8.4387    -0.0705   -10.6967
2001-06-16T19:25:20.424Z     7.7604    -0.5503    -8.4072
2001-06-16T19:25:24.443Z     8.5570    -0.1296    -9.4120
2001-06-16T19:25:28.463Z     9.8348     0.2181    -8.1519
2001-06-16T19:25:32.483Z     8.9174    -0.6867    -7.9543
2001-06-16T19:25:36.503Z    10.0457    -2.6002    -7.9501
2001-06-16T19:25:40.522Z    10.0291    -2.4281    -8.5102
2001-06-16T19:25:44.542Z     9.8845    -3.5221    -8.5966
2001-06-16T19:25:48.562Z     9.5316    -3.6262    -7.9378
2001-06-16T19:25:52.582Z     8.5921    -3.4917    -9.0002
2001-06-16T19:25:56.601Z     9.5040    -3.8535    -8.4566
2001-06-16T19:26:00.621Z     8.2357    -4.4418   -10.4455
2001-06-16T19:26:04.641Z     7.8361    -4.1005   -11.1579
2001-06-16T19:26:08.660Z     7.1344    -3.9661   -12.8709
2001-06-16T19:26:12.680Z     6.2438    -2.7895   -12.6568
2001-06-16T19:26:16.700Z     6.2686    -1.7083   -12.1174
2001-06-16T19:26:20.720Z     7.0979    -2.3224   -12.7392
2001-06-16T19:26:24.739Z     6.2808    -2.9713   -11.4503
2001-06-16T19:26:28.759Z     6.6589    -0.8229   -11.7879
2001-06-16T19:26:32.779Z     8.0358    -1.6997   -12.9368
2001-06-16T19:26:36.799Z     9.1822    -0.7737   -10.9850
2001-06-16T19:26:40.818Z     9.3606     0.0293   -10.3467
2001-06-16T19:26:44.838Z    11.5903     0.0234   -11.7838
2001-06-16T19:26:48.858Z    12.2562    -1.3769   -11.1620
2001-06-16T19:26:52.877Z    13.3526    -3.3038   -11.7385
2001-06-16T19:26:56.897Z    14.2085    -3.3790   -12.4674
2001-06-16T19:27:00.917Z    13.3850    -4.5072   -12.0680
2001-06-16T19:27:04.937Z    13.2020    -5.2765   -11.9732
2001-06-16T19:27:08.956Z    12.4198    -5.2117   -10.2932
2001-06-16T19:27:12.976Z    13.1988    -5.1132   -12.4386
2001-06-16T19:27:16.996Z    13.0810    -4.9316   -12.0556
2001-06-16T19:27:21.015Z    10.5461    -2.8125   -13.6492
2001-06-16T19:27:25.035Z     5.3168    -1.3431    -7.3901
2001-06-16T19:27:29.055Z     7.1499    -2.4873    -6.2165
2001-06-16T19:27:33.075Z     1.3392    -2.6211   -10.8861
2001-06-16T19:27:37.094Z     4.1261     0.3776   -14.6622
2001-06-16T19:27:41.114Z     3.8436    -0.0725   -11.3720
2001-06-16T19:27:45.134Z     7.3864    -1.5155   -12.8545
2001-06-16T19:27:49.154Z     7.6659    -3.0936   -10.7461
2001-06-16T19:27:53.173Z     7.6848    -5.3090    -9.4902
2001-06-16T19:27:57.193Z     2.1455    -8.0825    -4.7012
2001-06-16T19:28:01.213Z     4.0697    -4.8160    -7.9872
2001-06-16T19:28:05.232Z     3.7236    -2.4454   -14.5304
2001-06-16T19:28:09.252Z     7.0299    -2.6919   -13.1962
2001-06-16T19:28:13.272Z     9.2075    -2.7938   -12.1256
2001-06-16T19:28:17.292Z    10.2076    -3.2600   -12.6445
2001-06-16T19:28:21.311Z    10.0215    -1.9932   -12.8586
2001-06-16T19:28:25.331Z     8.7298    -0.5933   -13.2704
2001-06-16T19:28:29.351Z    10.5465    -3.4728   -13.0933
2001-06-16T19:28:33.371Z    11.1192    -2.7351   -13.2910
2001-06-16T19:28:37.390Z    11.3776    -3.8233   -12.3027
2001-06-16T19:28:41.410Z    11.0602    -3.1374   -14.2010
2001-06-16T19:28:45.430Z    12.4878    -4.0247   -15.1687
2001-06-16T19:28:49.449Z    13.0306    -3.6395   -15.1646
2001-06-16T19:28:53.469Z    12.7965    -2.6248   -14.7816
2001-06-16T19:28:57.489Z    11.5406    -1.8434   -14.7693
2001-06-16T19:29:01.509Z    12.0496    -3.0516   -15.0946
2001-06-16T19:29:05.528Z    11.1490    -3.9484   -15.0040
2001-06-16T19:29:09.548Z     9.5099    -4.0532   -15.2181
2001-06-16T19:29:13.568Z     9.4021    -4.9873   -14.2957
2001-06-16T19:29:17.588Z     8.8986    -5.1798   -13.9704
2001-06-16T19:29:21.607Z     8.9814    -6.6086   -13.6945
2001-06-16T19:29:25.627Z    10.4891    -8.3779   -12.6980
2001-06-16T19:29:29.647Z    10.3306    -6.6228   -15.0534
2001-06-16T19:29:33.666Z     9.4804    -5.3040   -16.0334
2001-06-16T19:29:37.686Z    10.3682    -5.1164   -17.1452
2001-06-16T19:29:41.706Z    13.6935    -6.8184   -13.1674
2001-06-16T19:29:45.726Z    14.2447    -6.8033   -11.0962
2001-06-16T19:29:49.745Z    13.7084    -6.4829   -12.1133
2001-06-16T19:29:53.765Z    11.4067    -3.4895   -14.2545
2001-06-16T19:29:57.785Z    10.6028    -4.1126   -14.6292
2001-06-16T19:30:01.805Z     9.6443    -1.7397   -13.5010
2001-06-16T19:30:05.824Z     9.1640    -2.2392   -13.7604
2001-06-16T19:30:09.844Z    10.7590     0.7041   -13.3610
2001-06-16T19:30:13.864Z    10.0614     0.4328   -13.2004
2001-06-16T19:30:17.883Z    12.5215     1.8709   -14.3986
2001-06-16T19:30:21.903Z    12.4844     0.1914   -15.2428
2001-06-16T19:30:25.923Z    11.3811    -1.4002   -15.4034
2001-06-16T19:30:29.943Z    12.2506    -3.1539   -14.2628
2001-06-16T19:30:33.962Z    10.7309    -3.1420   -14.1516
2001-06-16T19:30:37.982Z    10.7405     0.1253   -13.2992
2001-06-16T19:30:42.002Z    11.0892    -0.1017   -13.9663
2001-06-16T19:30:46.022Z    10.7731     0.4645   -15.7205
2001-06-16T19:30:50.041Z    12.1708    -0.7753   -15.4199
