2001-04-05T23:39:32.000Z   242.0915   306.3827   209.7262
2001-04-05T23:39:36.006Z   242.5591   306.3705   210.1730
2001-04-05T23:39:40.013Z   241.6251   306.0374   209.9815
2001-04-05T23:39:44.020Z   242.1061   306.1353   210.3645
2001-04-05T23:39:48.027Z   241.0894   305.8569   210.1092
2001-04-05T23:39:52.033Z   240.9112   305.6775   210.1730
2001-04-05T23:39:56.040Z   241.4475   305.6793   210.6198
2001-04-05T23:40:00.047Z   240.4308   305.4009   210.4283
2001-04-05T23:40:04.054Z   240.8844   305.4574   210.8752
2001-04-05T23:40:08.060Z   239.8404   305.1377   210.6837
2001-04-05T23:40:12.067Z   239.6349   304.9170   210.8752
2001-04-05T23:40:16.074Z   240.0751   304.8634   211.3859
2001-04-05T23:40:20.081Z   239.0584   304.5850   211.2582
2001-04-05T23:40:24.087Z   239.4160   304.5862   211.8327
2001-04-05T23:40:28.094Z   238.3306   304.2938   211.7050
2001-04-05T23:40:32.101Z   238.0424   304.1279   211.8327
2001-04-05T23:40:36.108Z   238.3859   304.1978   212.3434
2001-04-05T23:40:40.114Z   237.3419   303.8780   212.2157
2001-04-05T23:40:44.121Z   237.6581   303.9066   212.7264
2001-04-05T23:40:48.128Z   236.4900   303.6689   212.5987
2001-04-05T23:40:52.135Z   236.7648   303.7248   213.1732
2001-04-05T23:40:56.142Z   236.5593   303.5041   213.2370
2001-04-05T23:41:00.148Z   235.4326   303.2391   213.1094
2001-04-05T23:41:04.155Z   235.7901   303.2403   213.6200
2001-04-05T23:41:08.162Z   234.7047   302.9479   213.4924
2001-04-05T23:41:12.169Z   235.0896   302.9905   214.0030
2001-04-05T23:41:16.175Z   234.8981   302.7011   214.1945
2001-04-05T23:41:20.182Z   233.8400   302.4500   214.0030
2001-04-05T23:41:24.189Z   234.2663   302.4652   214.4499
2001-04-05T23:41:28.196Z   233.2223   302.1455   214.2584
2001-04-05T23:41:32.202Z   233.6071   302.1880   214.7690
2001-04-05T23:41:36.209Z   233.4016   301.9673   214.8967
2001-04-05T23:41:40.216Z   232.3023   301.7436   214.6414
2001-04-05T23:41:44.223Z   232.7285   301.7588   215.0882
2001-04-05T23:41:48.229Z   231.7532   301.4530   214.8329
2001-04-05T23:41:52.236Z   232.1381   301.4955   215.2797
2001-04-05T23:41:56.243Z   231.1214   301.2172   215.0882
2001-04-05T23:42:00.250Z   230.8745   301.0238   215.2159
2001-04-05T23:42:04.257Z   231.3561   300.9429   215.6627
2001-04-05T23:42:08.263Z   230.4221   300.6098   215.4712
2001-04-05T23:42:12.270Z   230.8210   300.5836   216.0457
2001-04-05T23:42:16.277Z   229.8870   300.2505   215.8542
2001-04-05T23:42:20.284Z   230.2859   300.2243   216.3010
2001-04-05T23:42:24.290Z   230.1356   299.9075   216.4925
2001-04-05T23:42:28.297Z   229.0503   299.6151   216.3010
2001-04-05T23:42:32.304Z   229.4905   299.5616   216.8117
2001-04-05T23:42:36.311Z   228.5565   299.2285   216.5564
2001-04-05T23:42:40.317Z   228.9827   299.2436   217.0032
2001-04-05T23:42:44.324Z   227.9661   298.9652   216.7479
2001-04-05T23:42:48.331Z   227.7605   298.7445   216.8755
2001-04-05T23:42:52.338Z   228.2008   298.6910   217.3862
2001-04-05T23:42:56.344Z   227.2394   298.3165   217.2585
2001-04-05T23:43:00.351Z   227.6383   298.2903   217.8330
2001-04-05T23:43:04.358Z   227.3640   298.0557   218.0245
2001-04-05T23:43:08.365Z   226.2787   297.7633   217.9607
2001-04-05T23:43:12.371Z   226.6775   297.7371   218.5352
2001-04-05T23:43:16.378Z   225.6475   297.3486   218.4075
2001-04-05T23:43:20.385Z   226.0464   297.3225   219.0459
2001-04-05T23:43:24.392Z   225.0437   296.9754   218.7905
2001-04-05T23:43:28.399Z   224.8381   296.7547   218.9820
2001-04-05T23:43:32.405Z   225.2784   296.7011   219.4927
2001-04-05T23:43:36.412Z   224.3857   296.3406   219.2374
2001-04-05T23:43:40.419Z   224.7846   296.3144   219.7480
2001-04-05T23:43:44.426Z   223.8506   295.9813   219.4927
2001-04-05T23:43:48.432Z   223.6037   295.7880   219.6204
2001-04-05T23:43:52.439Z   224.0026   295.7618   220.1310
2001-04-05T23:43:56.446Z   222.9999   295.4147   219.9395
2001-04-05T23:44:00.453Z   223.3574   295.4159   220.5140
2001-04-05T23:44:04.459Z   222.3687   295.0001   220.3864
2001-04-05T23:44:08.466Z   222.7123   295.0700   220.8970
2001-04-05T23:44:12.473Z   221.7096   294.7229   220.7055
2001-04-05T23:44:16.480Z   221.4627   294.5295   220.8970
2001-04-05T23:44:20.486Z   221.8342   294.4620   221.4715
2001-04-05T23:44:24.493Z   220.8455   294.0462   221.3439
2001-04-05T23:44:28.500Z   221.2444   294.0200   221.8545
2001-04-05T23:44:32.507Z   221.0115   293.7580   222.0460
2001-04-05T23:44:36.514Z   219.9675   293.4382   221.9184
2001-04-05T23:44:40.520Z   220.3390   293.3707   222.4929
2001-04-05T23:44:44.527Z   219.2949   293.0509   222.3014
2001-04-05T23:44:48.534Z   219.6385   293.1208   222.8120
2001-04-05T23:44:52.541Z   219.4196   292.7901   223.0035
2001-04-05T23:44:56.547Z   218.3615   292.5391   222.8120
2001-04-05T23:45:00.554Z   218.7191   292.5402   223.2589
2001-04-05T23:45:04.561Z   217.7164   292.1931   223.0674
2001-04-05T23:45:08.568Z   218.0739   292.1943   223.6419
2001-04-05T23:45:12.574Z   217.8410   291.9323   223.7695
2001-04-05T23:45:16.581Z   216.7830   291.6812   223.5780
2001-04-05T23:45:20.588Z   217.1405   291.6824   224.0887
2001-04-05T23:45:24.595Z   216.1652   291.3767   223.8334
2001-04-05T23:45:28.601Z   216.5641   291.3505   224.3440
2001-04-05T23:45:32.608Z   215.5474   291.0721   224.0887
2001-04-05T23:45:36.615Z   215.3419   290.8514   224.2802
2001-04-05T23:45:40.622Z   215.6994   290.8526   224.7909
2001-04-05T23:45:44.628Z   214.6967   290.5055   224.5994
2001-04-05T23:45:48.635Z   215.0269   290.4653   225.1100
2001-04-05T23:45:52.642Z   214.0242   290.1182   224.9185
2001-04-05T23:45:56.649Z   214.3957   290.0507   225.4930
2001-04-05T23:46:00.656Z   214.2455   289.7339   225.7484
2001-04-05T23:46:04.662Z   213.2015   289.4142   225.5569
2001-04-05T23:46:08.669Z   213.5730   289.3466   226.0676
2001-04-05T23:46:12.676Z   212.6390   289.0135   225.8761
2001-04-05T23:46:16.683Z   212.9965   289.0147   226.3229
2001-04-05T23:46:20.689Z   212.8597   288.8080   226.3867
2001-04-05T23:46:24.696Z   211.8844   288.5022   226.0676
2001-04-05T23:46:28.703Z   212.2832   288.4760   226.5144
2001-04-05T23:46:32.710Z   211.3766   288.1842   226.2591
2001-04-05T23:46:36.716Z   211.7615   288.2268   226.6421
2001-04-05T23:46:40.723Z   211.6800   287.9240   226.7059
2001-04-05T23:46:44.730Z   210.7734   287.6322   226.3867
2001-04-05T23:46:48.737Z   211.1309   287.6334   226.8336
2001-04-05T23:46:52.743Z   210.2243   287.3416   226.5782
2001-04-05T23:46:56.750Z   210.5818   287.3428   226.9612
2001-04-05T23:47:00.757Z   210.4864   287.1087   227.0251
2001-04-05T23:47:04.764Z   209.4697   286.8303   226.7697
2001-04-05T23:47:08.771Z   209.8819   286.9142   227.0889
2001-04-05T23:47:12.777Z   208.9340   286.6498   226.7697
2001-04-05T23:47:16.784Z   209.2502   286.6783   227.2804
2001-04-05T23:47:20.791Z   209.0033   286.4850   227.3442
2001-04-05T23:47:24.798Z   208.0414   286.2893   226.9612
2001-04-05T23:47:28.804Z   208.3849   286.3592   227.3442
2001-04-05T23:47:32.811Z   207.3956   286.1221   227.0251
2001-04-05T23:47:36.818Z   207.7392   286.1920   227.4719
2001-04-05T23:47:40.825Z   206.7225   285.9136   227.1527
2001-04-05T23:47:44.831Z   206.4616   285.7890   227.2166
2001-04-05T23:47:48.838Z   206.7778   285.8175   227.6634
2001-04-05T23:47:52.845Z   205.8025   285.5118   227.4081
2001-04-05T23:47:56.852Z   206.1600   285.5130   227.8549
2001-04-05T23:48:00.858Z   205.9545   285.2923   227.9826
2001-04-05T23:48:04.865Z   204.9378   285.0139   227.7272
2001-04-05T23:48:08.872Z   205.2953   285.0150   228.1741
2001-04-05T23:48:12.879Z   204.3614   284.6819   227.8549
2001-04-05T23:48:16.886Z   204.7736   284.7658   228.2379
2001-04-05T23:48:20.892Z   203.8670   284.4740   227.9187
2001-04-05T23:48:24.899Z   204.2519   284.5165   228.3656
2001-04-05T23:48:28.906Z   203.3453   284.2248   227.9826
2001-04-05T23:48:32.913Z   203.1258   284.0728   227.9826
2001-04-05T23:48:36.919Z   203.4833   284.0740   228.4932
2001-04-05T23:48:40.926Z   203.3331   283.7572   228.6209
2001-04-05T23:48:44.933Z   202.9488   283.5359   228.8762
2001-04-05T23:48:48.940Z   202.7986   283.2191   229.0677
2001-04-05T23:48:52.946Z   201.7959   282.8720   228.8124
2001-04-05T23:48:56.953Z   202.1261   282.8318   229.3869
2001-04-05T23:49:00.960Z   201.1921   282.4987   229.1316
2001-04-05T23:49:04.967Z   201.4809   282.4859   229.6422
2001-04-05T23:49:08.973Z   201.2754   282.2652   229.7699
2001-04-05T23:49:12.980Z   200.3274   282.0008   229.5146
2001-04-05T23:49:16.987Z   200.6849   282.0020   230.0252
2001-04-05T23:49:20.994Z   199.7923   281.6415   229.7699
2001-04-05T23:49:25.000Z   200.1225   281.6013   230.2806
2001-04-05T23:49:29.007Z   199.9169   281.3806   230.3444
2001-04-05T23:49:33.014Z   198.9690   281.1162   230.0891
2001-04-05T23:49:37.021Z   199.3265   281.1174   230.5359
2001-04-05T23:49:41.028Z   198.4612   280.7983   230.2806
2001-04-05T23:49:45.034Z   198.8461   280.8408   230.6636
2001-04-05T23:49:49.041Z   198.7506   280.6067   230.7912
2001-04-05T23:49:53.048Z   197.7753   280.3009   230.5359
2001-04-05T23:49:57.055Z   198.1882   280.2060   231.0466
2001-04-05T23:50:01.061Z   197.3369   279.8182   230.7912
2001-04-05T23:50:05.068Z   197.7497   279.7233   231.3657
2001-04-05T23:50:09.075Z   197.6682   279.4205   231.4934
2001-04-05T23:50:13.082Z   196.7069   279.0460   231.3019
2001-04-05T23:50:17.088Z   197.0644   279.0472   231.8126
2001-04-05T23:50:21.095Z   196.1718   278.6867   231.5572
2001-04-05T23:50:25.102Z   196.5433   278.6192   232.0679
2001-04-05T23:50:29.109Z   196.4204   278.3438   232.1956
2001-04-05T23:50:33.115Z   195.4451   278.0380   231.9402
2001-04-05T23:50:37.122Z   195.8166   277.9705   232.5147
2001-04-05T23:50:41.129Z   194.9653   277.5826   232.2594
2001-04-05T23:50:45.136Z   195.3642   277.5564   232.7701
2001-04-05T23:50:49.143Z   194.5129   277.1686   232.4509
2001-04-05T23:50:53.149Z   194.3347   276.9892   232.5786
2001-04-05T23:50:57.156Z   194.7336   276.9630   233.0254
2001-04-05T23:51:01.163Z   193.8823   276.5752   232.7701
2001-04-05T23:51:05.170Z   194.3086   276.5904   233.2807
2001-04-05T23:51:09.176Z   193.3472   276.2159   232.9616
2001-04-05T23:51:13.183Z   193.1830   275.9678   233.1531
2001-04-05T23:51:17.190Z   193.5959   275.8729   233.7276
2001-04-05T23:51:21.197Z   192.7032   275.5124   233.4722
2001-04-05T23:51:25.203Z   193.0334   275.4723   233.9829
2001-04-05T23:51:29.210Z   192.8279   275.2516   234.1106
2001-04-05T23:51:33.217Z   191.8799   274.9872   233.8552
2001-04-05T23:51:37.224Z   192.2101   274.9470   234.3021
2001-04-05T23:51:41.230Z   191.2761   274.6139   234.0467
2001-04-05T23:51:45.237Z   191.6336   274.6151   234.5574
2001-04-05T23:51:49.244Z   190.7410   274.2546   234.3021
2001-04-05T23:51:53.251Z   191.0572   274.2831   234.7489
2001-04-05T23:51:57.257Z   190.1645   273.9226   234.4936
2001-04-05T23:52:01.264Z   189.9177   273.7293   234.5574
2001-04-05T23:52:05.271Z   190.2478   273.6891   235.0681
2001-04-05T23:52:09.278Z   189.3552   273.3286   234.8127
2001-04-05T23:52:13.285Z   189.7267   273.2611   235.3234
2001-04-05T23:52:17.291Z   189.5765   272.9443   235.4511
2001-04-05T23:52:21.298Z   188.6699   272.6525   235.1319
2001-04-05T23:52:25.305Z   189.0414   272.5850   235.7064
2001-04-05T23:52:29.312Z   188.1901   272.1972   235.3872
2001-04-05T23:52:33.318Z   188.6029   272.1023   235.8979
2001-04-05T23:52:37.325Z   188.4801   271.8268   236.0256
2001-04-05T23:52:41.332Z   187.5875   271.4664   235.7702
2001-04-05T23:52:45.339Z   187.9590   271.3988   236.2809
2001-04-05T23:52:49.345Z   187.1077   271.0110   235.9617
2001-04-05T23:52:53.352Z   187.4378   270.9708   236.4724
2001-04-05T23:52:57.359Z   187.2736   270.7227   236.5362
2001-04-05T23:53:01.366Z   186.3670   270.4310   236.2171
2001-04-05T23:53:05.372Z   186.7246   270.4321   236.7277
2001-04-05T23:53:09.379Z   185.8733   270.0443   236.4086
2001-04-05T23:53:13.386Z   186.1895   270.0728   236.9192
2001-04-05T23:53:17.393Z   186.0253   269.8248   236.9831
2001-04-05T23:53:21.400Z   185.1600   269.5056   236.7277
2001-04-05T23:53:25.406Z   185.4488   269.4928   237.1746
2001-04-05T23:53:29.413Z   184.5975   269.1050   236.9192
2001-04-05T23:53:33.420Z   184.9551   269.1062   237.3661
2001-04-05T23:53:37.427Z   184.0898   268.7870   237.0469
2001-04-05T23:53:41.433Z   183.8429   268.5937   237.1107
2001-04-05T23:53:45.440Z   184.1731   268.5535   237.5576
2001-04-05T23:53:49.447Z   183.2391   268.2204   237.2384
2001-04-05T23:53:53.454Z   183.5553   268.2489   237.7491
2001-04-05T23:53:57.460Z   183.3497   268.0282   237.8129
2001-04-05T23:54:01.467Z   182.3744   267.7225   237.4937
2001-04-05T23:54:05.474Z   182.7046   267.6823   237.9406
2001-04-05T23:54:09.481Z   181.8807   267.3358   237.6214
2001-04-05T23:54:13.487Z   182.1695   267.3230   238.1321
2001-04-05T23:54:17.494Z   181.9639   267.1023   238.2597
2001-04-05T23:54:21.501Z   181.0160   266.8379   237.9406
2001-04-05T23:54:25.508Z   181.3461   266.7977   238.3874
2001-04-05T23:54:29.515Z   180.4535   266.4372   238.0682
2001-04-05T23:54:33.521Z   180.7423   266.4245   238.5789
2001-04-05T23:54:37.528Z   179.8910   266.0366   238.3236
2001-04-05T23:54:41.535Z   179.5754   265.8293   238.3874
2001-04-05T23:54:45.542Z   179.9330   265.8305   238.8981
2001-04-05T23:54:49.548Z   179.0817   265.4426   238.5789
2001-04-05T23:54:53.555Z   179.3705   265.4298   239.0896
2001-04-05T23:54:57.562Z   179.1789   265.1404   239.2172
2001-04-05T23:55:01.569Z   178.2589   264.7386   238.9619
2001-04-05T23:55:05.575Z   178.6031   264.6297   239.5364
2001-04-05T23:55:09.582Z   177.7244   264.2005   239.2811
2001-04-05T23:55:13.589Z   178.0686   264.0916   239.8556
2001-04-05T23:55:17.596Z   177.9323   263.7061   239.9833
2001-04-05T23:55:21.602Z   177.0811   263.3183   239.7279
2001-04-05T23:55:25.609Z   177.4526   263.2508   240.2386
2001-04-05T23:55:29.616Z   176.6426   262.8355   239.9833
2001-04-05T23:55:33.623Z   176.9868   262.7267   240.4939
2001-04-05T23:55:37.629Z   176.8779   262.3825   240.6216
2001-04-05T23:55:41.636Z   175.9579   261.9807   240.3663
2001-04-05T23:55:45.643Z   176.3020   261.8718   240.8769
2001-04-05T23:55:49.650Z   175.4781   261.5253   240.6216
2001-04-05T23:55:53.657Z   175.8496   261.4578   241.1323
2001-04-05T23:55:57.663Z   175.6994   261.1410   241.2599
2001-04-05T23:56:01.670Z   174.8481   260.7531   240.9408
2001-04-05T23:56:05.677Z   175.2196   260.6856   241.4514
2001-04-05T23:56:09.684Z   174.4237   260.2017   241.1961
2001-04-05T23:56:13.690Z   174.7952   260.1342   241.7068
2001-04-05T23:56:17.697Z   173.9852   259.7189   241.4514
2001-04-05T23:56:21.704Z   173.7523   259.4569   241.5153
2001-04-05T23:56:25.711Z   174.1512   259.4307   241.9621
2001-04-05T23:56:29.717Z   173.3412   259.0155   241.7068
2001-04-05T23:56:33.724Z   173.6854   258.9066   242.2174
2001-04-05T23:56:37.731Z   172.9441   258.5054   241.8344
2001-04-05T23:56:41.738Z   172.7800   258.2573   241.9621
2001-04-05T23:56:45.744Z   173.1928   258.1624   242.4089
2001-04-05T23:56:49.751Z   172.4102   257.7885   242.0259
2001-04-05T23:56:53.758Z   172.7404   257.7484   242.5366
2001-04-05T23:56:57.765Z   171.9304   257.3332   242.2174
2001-04-05T23:57:01.772Z   171.7249   257.1125   242.3451
2001-04-05T23:57:05.778Z   172.0964   257.0449   242.7919
2001-04-05T23:57:09.785Z   171.2999   256.7398   242.4089
2001-04-05T23:57:13.792Z   171.6300   256.6996   242.8558
2001-04-05T23:57:17.799Z   170.8061   256.3531   242.4728
2001-04-05T23:57:21.805Z   170.6693   256.1464   242.4728
2001-04-05T23:57:25.812Z   171.0268   256.1476   242.9196
2001-04-05T23:57:29.819Z   170.2029   255.8010   242.5366
2001-04-05T23:57:33.826Z   170.5191   255.8296   242.9196
2001-04-05T23:57:37.832Z   169.7225   255.5244   242.5366
2001-04-05T23:57:41.839Z   169.5304   255.4138   242.4728
2001-04-05T23:57:45.846Z   169.8465   255.4423   242.8558
2001-04-05T23:57:49.853Z   169.0500   255.1372   242.4089
2001-04-05T23:57:53.859Z   169.3662   255.1657   242.7919
2001-04-05T23:57:57.866Z   169.2293   254.9590   242.8558
2001-04-05T23:58:01.873Z   168.3087   254.7359   242.4089
2001-04-05T23:58:05.880Z   168.6249   254.7645   242.7919
2001-04-05T23:58:09.886Z   167.8010   254.4180   242.4089
2001-04-05T23:58:13.893Z   168.1585   254.4191   242.8558
2001-04-05T23:58:17.900Z   167.4307   254.1280   242.4089
2001-04-05T23:58:21.907Z   167.1838   253.9346   242.4089
2001-04-05T23:58:25.914Z   167.5140   253.8945   242.8558
2001-04-05T23:58:29.920Z   166.7174   253.5893   242.4728
2001-04-05T23:58:33.927Z   167.0062   253.5765   242.9196
2001-04-05T23:58:37.934Z   166.2924   253.2166   242.5366
2001-04-05T23:58:41.941Z   166.1555   253.0099   242.6004
2001-04-05T23:58:45.947Z   166.4443   252.9971   243.0473
2001-04-05T23:58:49.954Z   165.6618   252.6232   242.6643
2001-04-05T23:58:53.961Z   165.9092   252.6378   243.0473
2001-04-05T23:58:57.968Z   165.1406   252.1952   242.7919
2001-04-05T23:59:01.974Z   164.9491   251.9058   242.9196
2001-04-05T23:59:05.981Z   165.2792   251.8656   243.4303
2001-04-05T23:59:09.988Z   164.4553   251.5191   243.1111
2001-04-05T23:59:13.995Z   164.7168   251.4650   243.5579
2001-04-05T23:59:18.001Z   163.9202   251.1598   243.1749
2001-04-05T23:59:22.008Z   163.6873   250.8977   243.2388
2001-04-05T23:59:26.015Z   163.9761   250.8850   243.6856
2001-04-05T23:59:30.022Z   163.1522   250.5384   243.3664
2001-04-05T23:59:34.029Z   163.4824   250.4983   243.8133
2001-04-05T23:59:38.035Z   162.6584   250.1518   243.4941
2001-04-05T23:59:42.042Z   162.4116   249.9584   243.5579
2001-04-05T23:59:46.049Z   162.7004   249.9456   244.0048
2001-04-05T23:59:50.056Z   161.9591   249.5444   243.6856
2001-04-05T23:59:54.062Z   162.2480   249.5316   244.1324
2001-04-05T23:59:58.069Z   162.0838   249.2835   244.1963
2001-04-06T00:00:02.076Z   161.2459   249.0057   243.8133
2001-04-06T00:00:06.083Z   161.5073   248.9516   244.2601
2001-04-06T00:00:10.089Z   160.7661   248.5504   243.9409
2001-04-06T00:00:14.096Z   161.0409   248.6063   244.3239
2001-04-06T00:00:18.103Z   160.2857   248.2737   243.9409
2001-04-06T00:00:22.110Z   160.1075   248.0944   243.9409
2001-04-06T00:00:26.116Z   160.4237   248.1229   244.3239
2001-04-06T00:00:30.123Z   159.6272   247.8178   243.9409
2001-04-06T00:00:34.130Z   159.9160   247.8050   244.3878
2001-04-06T00:00:38.137Z   159.1334   247.4311   244.0048
2001-04-06T00:00:42.144Z   158.9279   247.2104   244.0686
2001-04-06T00:00:46.150Z   159.2167   247.1976   244.5154
2001-04-06T00:00:50.157Z   158.4615   246.8651   244.1324
2001-04-06T00:00:54.164Z   158.7229   246.8109   244.5793
2001-04-06T00:00:58.171Z   158.6001   246.5355   244.6431
2001-04-06T00:01:02.177Z   157.7622   246.2577   244.1963
2001-04-06T00:01:06.184Z   158.0510   246.2449   244.7069
2001-04-06T00:01:10.191Z   157.2684   245.8710   244.3239
2001-04-06T00:01:14.198Z   157.5299   245.8169   244.7708
2001-04-06T00:01:18.204Z   157.4070   245.5414   244.8346
2001-04-06T00:01:22.211Z   156.5004   245.2497   244.5154
2001-04-06T00:01:26.218Z   156.7065   245.2916   244.9623
2001-04-06T00:01:30.225Z   155.9240   244.9177   244.5793
2001-04-06T00:01:34.231Z   156.1714   244.9323   245.0261
2001-04-06T00:01:38.238Z   155.4162   244.5998   244.6431
2001-04-06T00:01:42.245Z   155.1693   244.4064   244.6431
2001-04-06T00:01:46.252Z   155.4582   244.3936   245.0899
2001-04-06T00:01:50.258Z   154.6756   244.0197   244.7069
2001-04-06T00:01:54.265Z   154.9644   244.0070   245.1538
2001-04-06T00:01:58.272Z   154.2092   243.6744   244.7708
2001-04-06T00:02:02.279Z   154.0036   243.4537   244.7708
2001-04-06T00:02:06.286Z   154.2925   243.4409   245.2176
2001-04-06T00:02:10.292Z   153.5512   243.0397   244.8984
2001-04-06T00:02:14.299Z   153.8127   242.9855   245.3453
2001-04-06T00:02:18.306Z   153.0714   242.5843   245.0261
2001-04-06T00:02:22.313Z   152.8659   242.3636   245.0261
2001-04-06T00:02:26.319Z   153.1547   242.3508   245.4729
2001-04-06T00:02:30.326Z   152.3582   242.0456   245.0899
2001-04-06T00:02:34.333Z   152.6470   242.0328   245.5368
2001-04-06T00:02:38.340Z   151.8504   241.7277   245.0899
2001-04-06T00:02:42.346Z   151.6035   241.5343   245.1538
2001-04-06T00:02:46.353Z   151.8924   241.5215   245.6006
2001-04-06T00:02:50.360Z   151.1372   241.1890   245.2176
2001-04-06T00:02:54.367Z   151.3846   241.2036   245.6006
2001-04-06T00:02:58.373Z   151.2204   240.9555   245.6644
2001-04-06T00:03:02.380Z   150.4239   240.6503   245.2814
2001-04-06T00:03:06.387Z   150.6713   240.6649   245.6644
2001-04-06T00:03:10.394Z   149.8474   240.3184   245.3453
2001-04-06T00:03:14.401Z   150.0536   240.3603   245.7283
2001-04-06T00:03:18.407Z   149.8480   240.1396   245.7921
2001-04-06T00:03:22.414Z   149.0241   239.7931   245.4091
2001-04-06T00:03:26.421Z   149.2302   239.8351   245.7921
2001-04-06T00:03:30.428Z   148.5297   239.5852   245.4091
2001-04-06T00:03:34.434Z   148.8319   239.6825   245.7283
2001-04-06T00:03:38.441Z   148.6811   239.5445   245.6644
2001-04-06T00:03:42.448Z   147.8019   239.2940   245.2176
2001-04-06T00:03:46.455Z   148.0220   239.2673   245.6006
2001-04-06T00:03:50.461Z   147.1841   238.9894   245.1538
2001-04-06T00:03:54.468Z   147.4316   239.0040   245.6006
2001-04-06T00:03:58.475Z   147.3501   238.7012   245.6006
2001-04-06T00:04:02.482Z   146.6496   238.4514   245.2176
2001-04-06T00:04:06.488Z   147.0071   238.4526   245.6006
2001-04-06T00:04:10.495Z   146.2932   238.0927   245.2176
2001-04-06T00:04:14.502Z   146.5547   238.0385   245.6006
2001-04-06T00:04:18.509Z   146.4045   237.7218   245.6644
2001-04-06T00:04:22.515Z   145.6219   237.3479   245.3453
2001-04-06T00:04:26.522Z   145.8834   237.2937   245.7921
2001-04-06T00:04:30.529Z   145.1695   236.9338   245.4729
2001-04-06T00:04:34.536Z   145.4309   236.8797   245.9198
2001-04-06T00:04:38.543Z   144.6897   236.4785   245.5368
2001-04-06T00:04:42.549Z   144.5255   236.2304   245.6006
2001-04-06T00:04:46.556Z   144.7183   236.1623   246.1113
2001-04-06T00:04:50.563Z   143.9770   235.7610   245.7921
2001-04-06T00:04:54.570Z   144.1698   235.6929   246.2389
2001-04-06T00:04:58.576Z   143.4145   235.3604   245.8559
2001-04-06T00:05:02.583Z   143.2090   235.1397   245.9198
2001-04-06T00:05:06.590Z   143.4705   235.0855   246.3666
2001-04-06T00:05:10.597Z   142.6879   234.7117   246.0474
2001-04-06T00:05:14.603Z   142.9354   234.7262   246.4304
2001-04-06T00:05:18.610Z   142.7712   234.4782   246.4304
2001-04-06T00:05:22.617Z   142.0020   234.2143   245.9836
2001-04-06T00:05:26.624Z   142.2494   234.2289   246.4304
2001-04-06T00:05:30.630Z   141.5356   233.8690   246.0474
2001-04-06T00:05:34.637Z   141.8244   233.8562   246.4304
2001-04-06T00:05:38.644Z   141.1239   233.6064   245.9836
2001-04-06T00:05:42.651Z   140.9731   233.4684   245.9198
2001-04-06T00:05:46.658Z   141.2346   233.4142   246.3028
2001-04-06T00:05:50.664Z   140.5207   233.0543   245.9198
2001-04-06T00:05:54.671Z   140.8235   232.9728   246.3666
2001-04-06T00:05:58.678Z   140.7006   232.6974   246.4304
2001-04-06T00:06:02.685Z   139.9728   232.4062   245.9836
2001-04-06T00:06:06.691Z   140.2203   232.4208   246.3666
2001-04-06T00:06:10.698Z   140.0834   232.2140   246.3666
2001-04-06T00:06:14.705Z   139.7399   232.1441   246.3666
2001-04-06T00:06:18.712Z   139.0394   231.8943   245.8559
2001-04-06T00:06:22.718Z   138.8473   231.7837   245.7921
2001-04-06T00:06:26.725Z   139.0947   231.7982   246.1751
2001-04-06T00:06:30.732Z   138.3669   231.5070   245.7283
2001-04-06T00:06:34.739Z   138.6417   231.5630   246.1113
2001-04-06T00:06:38.745Z   138.5183   231.4663   245.9836
2001-04-06T00:06:42.752Z   137.8178   231.2164   245.5368
2001-04-06T00:06:46.759Z   138.0379   231.1897   245.9836
2001-04-06T00:06:50.766Z   137.2967   230.7884   245.6006
2001-04-06T00:06:54.773Z   137.5855   230.7756   245.9836
2001-04-06T00:06:58.779Z   137.4213   230.5276   246.0474
2001-04-06T00:07:02.786Z   136.6521   230.2637   245.6644
2001-04-06T00:07:06.793Z   136.9269   230.3197   246.0474
2001-04-06T00:07:10.800Z   136.2404   230.0011   245.6006
2001-04-06T00:07:14.806Z   136.5019   229.9470   245.9836
2001-04-06T00:07:18.813Z   136.4064   229.7129   245.9836
2001-04-06T00:07:22.820Z   135.7199   229.3943   245.6006
2001-04-06T00:07:26.827Z   136.0087   229.3815   245.9836
2001-04-06T00:07:30.833Z   135.3909   229.0770   245.4729
2001-04-06T00:07:34.840Z   135.6797   229.0642   245.8559
2001-04-06T00:07:38.847Z   135.5703   228.8988   245.7921
2001-04-06T00:07:42.854Z   134.8838   228.5802   245.3453
2001-04-06T00:07:46.860Z   135.1726   228.5674   245.7921
2001-04-06T00:07:50.867Z   134.4861   228.2489   245.3453
2001-04-06T00:07:54.874Z   134.8163   228.2087   245.7283
2001-04-06T00:07:58.881Z   134.7208   227.9746   245.7283
2001-04-06T00:08:02.887Z   134.0203   227.7248   245.2814
2001-04-06T00:08:06.894Z   134.3091   227.7120   245.6644
2001-04-06T00:08:10.901Z   133.6500   227.4348   245.1538
2001-04-06T00:08:14.908Z   133.9662   227.4633   245.4729
2001-04-06T00:08:18.915Z   133.8980   227.2706   245.4091
2001-04-06T00:08:22.921Z   133.2663   227.0347   244.9623
2001-04-06T00:08:26.928Z   133.5551   227.0219   245.3453
2001-04-06T00:08:30.935Z   133.4870   226.8292   245.2814
2001-04-06T00:08:34.942Z   132.7731   226.4693   244.8984
2001-04-06T00:08:38.948Z   133.0619   226.4565   245.2814
2001-04-06T00:08:42.955Z   132.3480   226.0966   244.9623
2001-04-06T00:08:46.962Z   132.5682   226.0698   245.4091
2001-04-06T00:08:50.969Z   131.8816   225.7513   245.0261
2001-04-06T00:08:54.975Z   131.6761   225.5306   245.0261
2001-04-06T00:08:58.982Z   131.9376   225.4764   245.4091
2001-04-06T00:09:02.989Z   131.2097   225.1852   245.0261
2001-04-06T00:09:06.996Z   131.4298   225.1585   245.4091
