2001-04-07T12:17:44.000Z   242.0915   306.3827   209.7262
2001-04-07T12:17:48.006Z   242.5591   306.3705   210.1730
2001-04-07T12:17:52.013Z   241.6251   306.0374   209.9815
2001-04-07T12:17:56.020Z   242.1061   306.1353   210.3645
2001-04-07T12:18:00.027Z   241.0894   305.8569   210.1092
2001-04-07T12:18:04.033Z   240.9112   305.6775   210.1730
2001-04-07T12:18:08.040Z   241.4475   305.6793   210.6198
2001-04-07T12:18:12.047Z   240.4308   305.4009   210.4283
2001-04-07T12:18:16.054Z   240.8844   305.4574   210.8752
2001-04-07T12:18:20.060Z   239.8404   305.1377   210.6837
2001-04-07T12:18:24.067Z   239.6349   304.9170   210.8752
2001-04-07T12:18:28.074Z   240.0751   304.8634   211.3859
2001-04-07T12:18:32.081Z   239.0584   304.5850   211.2582
2001-04-07T12:18:36.087Z   239.4160   304.5862   211.8327
2001-04-07T12:18:40.094Z   238.3306   304.2938   211.7050
2001-04-07T12:18:44.101Z   238.0424   304.1279   211.8327
2001-04-07T12:18:48.108Z   238.3859   304.1978   212.3434
2001-04-07T12:18:52.114Z   237.3419   303.8780   212.2157
2001-04-07T12:18:56.121Z   237.6581   303.9066   212.7264
2001-04-07T12:19:00.128Z   236.4900   303.6689   212.5987
2001-04-07T12:19:04.135Z   236.7648   303.7248   213.1732
2001-04-07T12:19:08.142Z   236.5593   303.5041   213.2370
2001-04-07T12:19:12.148Z   235.4326   303.2391   213.1094
2001-04-07T12:19:16.155Z   235.7901   303.2403   213.6200
2001-04-07T12:19:20.162Z   234.7047   302.9479   213.4924
2001-04-07T12:19:24.169Z   235.0896   302.9905   214.0030
2001-04-07T12:19:28.175Z   234.8981   302.7011   214.1945
2001-04-07T12:19:32.182Z   233.8400   302.4500   214.0030
2001-04-07T12:19:36.189Z   234.2663   302.4652   214.4499
2001-04-07T12:19:40.196Z   233.2223   302.1455   214.2584
2001-04-07T12:19:44.202Z   233.6071   302.1880   214.7690
2001-04-07T12:19:48.209Z   233.4016   301.9673   214.8967
2001-04-07T12:19:52.216Z   232.3023   301.7436   214.6414
2001-04-07T12:19:56.223Z   232.7285   301.7588   215.0882
2001-04-07T12:20:00.229Z   231.7532   301.4530   214.8329
2001-04-07T12:20:04.236Z   232.1381   301.4955   215.2797
2001-04-07T12:20:08.243Z   231.1214   301.2172   215.0882
2001-04-07T12:20:12.250Z   230.8745   301.0238   215.2159
2001-04-07T12:20:16.257Z   231.3561   300.9429   215.6627
2001-04-07T12:20:20.263Z   230.4221   300.6098   215.4712
2001-04-07T12:20:24.270Z   230.8210   300.5836   216.0457
2001-04-07T12:20:28.277Z   229.8870   300.2505   215.8542
2001-04-07T12:20:32.284Z   230.2859   300.2243   216.3010
2001-04-07T12:20:36.290Z   230.1356   299.9075   216.4925
2001-04-07T12:20:40.297Z   229.0503   299.6151   216.3010
2001-04-07T12:20:44.304Z   229.4905   299.5616   216.8117
2001-04-07T12:20:48.311Z   228.5565   299.2285   216.5564
2001-04-07T12:20:52.317Z   228.9827   299.2436   217.0032
2001-04-07T12:20:56.324Z   227.9661   298.9652   216.7479
2001-04-07T12:21:00.331Z   227.7605   298.7445   216.8755
2001-04-07T12:21:04.338Z   228.2008   298.6910   217.3862
2001-04-07T12:21:08.344Z   227.2394   298.3165   217.2585
2001-04-07T12:21:12.351Z   227.6383   298.2903   217.8330
2001-04-07T12:21:16.358Z   227.3640   298.0557   218.0245
2001-04-07T12:21:20.365Z   226.2787   297.7633   217.9607
2001-04-07T12:21:24.371Z   226.6775   297.7371   218.5352
2001-04-07T12:21:28.378Z   225.6475   297.3486   218.4075
2001-04-07T12:21:32.385Z   226.0464   297.3225   219.0459
2001-04-07T12:21:36.392Z   225.0437   296.9754   218.7905
2001-04-07T12:21:40.399Z   224.8381   296.7547   218.9820
2001-04-07T12:21:44.405Z   225.2784   296.7011   219.4927
2001-04-07T12:21:48.412Z   224.3857   296.3406   219.2374
2001-04-07T12:21:52.419Z   224.7846   296.3144   219.7480
2001-04-07T12:21:56.426Z   223.8506   295.9813   219.4927
2001-04-07T12:22:00.432Z   223.6037   295.7880   219.6204
2001-04-07T12:22:04.439Z   224.0026   295.7618   220.1310
2001-04-07T12:22:08.446Z   222.9999   295.4147   219.9395
2001-04-07T12:22:12.453Z   223.3574   295.4159   220.5140
2001-04-07T12:22:16.459Z   222.3687   295.0001   220.3864
2001-04-07T12:22:20.466Z   222.7123   295.0700   220.8970
2001-04-07T12:22:24.473Z   221.7096   294.7229   220.7055
2001-04-07T12:22:28.480Z   221.4627   294.5295   220.8970
2001-04-07T12:22:32.486Z   221.8342   294.4620   221.4715
2001-04-07T12:22:36.493Z   220.8455   294.0462   221.3439
2001-04-07T12:22:40.500Z   221.2444   294.0200   221.8545
2001-04-07T12:22:44.507Z   221.0115   293.7580   222.0460
2001-04-07T12:22:48.514Z   219.9675   293.4382   221.9184
2001-04-07T12:22:52.520Z   220.3390   293.3707   222.4929
2001-04-07T12:22:56.527Z   219.2949   293.0509   222.3014
2001-04-07T12:23:00.534Z   219.6385   293.1208   222.8120
2001-04-07T12:23:04.541Z   219.4196   292.7901   223.0035
2001-04-07T12:23:08.547Z   218.3615   292.5391   222.8120
2001-04-07T12:23:12.554Z   218.7191   292.5402   223.2589
2001-04-07T12:23:16.561Z   217.7164   292.1931   223.0674
2001-04-07T12:23:20.568Z   218.0739   292.1943   223.6419
2001-04-07T12:23:24.574Z   217.8410   291.9323   223.7695
2001-04-07T12:23:28.581Z   216.7830   291.6812   223.5780
2001-04-07T12:23:32.588Z   217.1405   291.6824   224.0887
2001-04-07T12:23:36.595Z   216.1652   291.3767   223.8334
2001-04-07T12:23:40.601Z   216.5641   291.3505   224.3440
2001-04-07T12:23:44.608Z   215.5474   291.0721   224.0887
2001-04-07T12:23:48.615Z   215.3419   290.8514   224.2802
2001-04-07T12:23:52.622Z   215.6994   290.8526   224.7909
2001-04-07T12:23:56.628Z   214.6967   290.5055   224.5994
2001-04-07T12:24:00.635Z   215.0269   290.4653   225.1100
2001-04-07T12:24:04.642Z   214.0242   290.1182   224.9185
2001-04-07T12:24:08.649Z   214.3957   290.0507   225.4930
2001-04-07T12:24:12.656Z   214.2455   289.7339   225.7484
2001-04-07T12:24:16.662Z   213.2015   289.4142   225.5569
2001-04-07T12:24:20.669Z   213.5730   289.3466   226.0676
2001-04-07T12:24:24.676Z   212.6390   289.0135   225.8761
2001-04-07T12:24:28.683Z   212.9965   289.0147   226.3229
2001-04-07T12:24:32.689Z   212.8597   288.8080   226.3867
2001-04-07T12:24:36.696Z   211.8844   288.5022   226.0676
2001-04-07T12:24:40.703Z   212.2832   288.4760   226.5144
2001-04-07T12:24:44.710Z   211.3766   288.1842   226.2591
2001-04-07T12:24:48.716Z   211.7615   288.2268   226.6421
2001-04-07T12:24:52.723Z   211.6800   287.9240   226.7059
2001-04-07T12:24:56.730Z   210.7734   287.6322   226.3867
2001-04-07T12:25:00.737Z   211.1309   287.6334   226.8336
2001-04-07T12:25:04.743Z   210.2243   287.3416   226.5782
2001-04-07T12:25:08.750Z   210.5818   287.3428   226.9612
2001-04-07T12:25:12.757Z   210.4864   287.1087   227.0251
2001-04-07T12:25:16.764Z   209.4697   286.8303   226.7697
2001-04-07T12:25:20.771Z   209.8819   286.9142   227.0889
2001-04-07T12:25:24.777Z   208.9340   286.6498   226.7697
2001-04-07T12:25:28.784Z   209.2502   286.6783   227.2804
2001-04-07T12:25:32.791Z   209.0033   286.4850   227.3442
2001-04-07T12:25:36.798Z   208.0414   286.2893   226.9612
2001-04-07T12:25:40.804Z   208.3849   286.3592   227.3442
2001-04-07T12:25:44.811Z   207.3956   286.1221   227.0251
2001-04-07T12:25:48.818Z   207.7392   286.1920   227.4719
2001-04-07T12:25:52.825Z   206.7225   285.9136   227.1527
2001-04-07T12:25:56.831Z   206.4616   285.7890   227.2166
2001-04-07T12:26:00.838Z   206.7778   285.8175   227.6634
2001-04-07T12:26:04.845Z   205.8025   285.5118   227.4081
2001-04-07T12:26:08.852Z   206.1600   285.5130   227.8549
2001-04-07T12:26:12.858Z   205.9545   285.2923   227.9826
2001-04-07T12:26:16.865Z   204.9378   285.0139   227.7272
2001-04-07T12:26:20.872Z   205.2953   285.0150   228.1741
2001-04-07T12:26:24.879Z   204.3614   284.6819   227.8549
2001-04-07T12:26:28.886Z   204.7736   284.7658   228.2379
2001-04-07T12:26:32.892Z   203.8670   284.4740   227.9187
2001-04-07T12:26:36.899Z   204.2519   284.5165   228.3656
2001-04-07T12:26:40.906Z   203.3453   284.2248   227.9826
2001-04-07T12:26:44.913Z   203.1258   284.0728   227.9826
2001-04-07T12:26:48.919Z   203.4833   284.0740   228.4932
2001-04-07T12:26:52.926Z   203.3331   283.7572   228.6209
2001-04-07T12:26:56.933Z   202.9488   283.5359   228.8762
2001-04-07T12:27:00.940Z   202.7986   283.2191   229.0677
2001-04-07T12:27:04.946Z   201.7959   282.8720   228.8124
2001-04-07T12:27:08.953Z   202.1261   282.8318   229.3869
2001-04-07T12:27:12.960Z   201.1921   282.4987   229.1316
2001-04-07T12:27:16.967Z   201.4809   282.4859   229.6422
2001-04-07T12:27:20.973Z   201.2754   282.2652   229.7699
2001-04-07T12:27:24.980Z   200.3274   282.0008   229.5146
2001-04-07T12:27:28.987Z   200.6849   282.0020   230.0252
2001-04-07T12:27:32.994Z   199.7923   281.6415   229.7699
2001-04-07T12:27:37.000Z   200.1225   281.6013   230.2806
2001-04-07T12:27:41.007Z   199.9169   281.3806   230.3444
2001-04-07T12:27:45.014Z   198.9690   281.1162   230.0891
2001-04-07T12:27:49.021Z   199.3265   281.1174   230.5359
2001-04-07T12:27:53.028Z   198.4612   280.7983   230.2806
2001-04-07T12:27:57.034Z   198.8461   280.8408   230.6636
2001-04-07T12:28:01.041Z   198.7506   280.6067   230.7912
2001-04-07T12:28:05.048Z   197.7753   280.3009   230.5359
2001-04-07T12:28:09.055Z   198.1882   280.2060   231.0466
2001-04-07T12:28:13.061Z   197.3369   279.8182   230.7912
2001-04-07T12:28:17.068Z   197.7497   279.7233   231.3657
2001-04-07T12:28:21.075Z   197.6682   279.4205   231.4934
2001-04-07T12:28:25.082Z   196.7069   279.0460   231.3019
2001-04-07T12:28:29.088Z   197.0644   279.0472   231.8126
2001-04-07T12:28:33.095Z   196.1718   278.6867   231.5572
2001-04-07T12:28:37.102Z   196.5433   278.6192   232.0679
2001-04-07T12:28:41.109Z   196.4204   278.3438   232.1956
2001-04-07T12:28:45.115Z   195.4451   278.0380   231.9402
2001-04-07T12:28:49.122Z   195.8166   277.9705   232.5147
2001-04-07T12:28:53.129Z   194.9653   277.5826   232.2594
2001-04-07T12:28:57.136Z   195.3642   277.5564   232.7701
2001-04-07T12:29:01.143Z   194.5129   277.1686   232.4509
2001-04-07T12:29:05.149Z   194.3347   276.9892   232.5786
2001-04-07T12:29:09.156Z   194.7336   276.9630   233.0254
2001-04-07T12:29:13.163Z   193.8823   276.5752   232.7701
2001-04-07T12:29:17.170Z   194.3086   276.5904   233.2807
2001-04-07T12:29:21.176Z   193.3472   276.2159   232.9616
2001-04-07T12:29:25.183Z   193.1830   275.9678   233.1531
2001-04-07T12:29:29.190Z   193.5959   275.8729   233.7276
2001-04-07T12:29:33.197Z   192.7032   275.5124   233.4722
2001-04-07T12:29:37.203Z   193.0334   275.4723   233.9829
2001-04-07T12:29:41.210Z   192.8279   275.2516   234.1106
2001-04-07T12:29:45.217Z   191.8799   274.9872   233.8552
2001-04-07T12:29:49.224Z   192.2101   274.9470   234.3021
2001-04-07T12:29:53.230Z   191.2761   274.6139   234.0467
2001-04-07T12:29:57.237Z   191.6336   274.6151   234.5574
2001-04-07T12:30:01.244Z   190.7410   274.2546   234.3021
2001-04-07T12:30:05.251Z   191.0572   274.2831   234.7489
2001-04-07T12:30:09.257Z   190.1645   273.9226   234.4936
2001-04-07T12:30:13.264Z   189.9177   273.7293   234.5574
2001-04-07T12:30:17.271Z   190.2478   273.6891   235.0681
2001-04-07T12:30:21.278Z   189.3552   273.3286   234.8127
2001-04-07T12:30:25.285Z   189.7267   273.2611   235.3234
2001-04-07T12:30:29.291Z   189.5765   272.9443   235.4511
2001-04-07T12:30:33.298Z   188.6699   272.6525   235.1319
2001-04-07T12:30:37.305Z   189.0414   272.5850   235.7064
2001-04-07T12:30:41.312Z   188.1901   272.1972   235.3872
2001-04-07T12:30:45.318Z   188.6029   272.1023   235.8979
2001-04-07T12:30:49.325Z   188.4801   271.8268   236.0256
2001-04-07T12:30:53.332Z   187.5875   271.4664   235.7702
2001-04-07T12:30:57.339Z   187.9590   271.3988   236.2809
2001-04-07T12:31:01.345Z   187.1077   271.0110   235.9617
2001-04-07T12:31:05.352Z   187.4378   270.9708   236.4724
2001-04-07T12:31:09.359Z   187.2736   270.7227   236.5362
2001-04-07T12:31:13.366Z   186.3670   270.4310   236.2171
2001-04-07T12:31:17.372Z   186.7246   270.4321   236.7277
2001-04-07T12:31:21.379Z   185.8733   270.0443   236.4086
2001-04-07T12:31:25.386Z   186.1895   270.0728   236.9192
2001-04-07T12:31:29.393Z   186.0253   269.8248   236.9831
2001-04-07T12:31:33.400Z   185.1600   269.5056   236.7277
2001-04-07T12:31:37.406Z   185.4488   269.4928   237.1746
2001-04-07T12:31:41.413Z   184.5975   269.1050   236.9192
2001-04-07T12:31:45.420Z   184.9551   269.1062   237.3661
2001-04-07T12:31:49.427Z   184.0898   268.7870   237.0469
2001-04-07T12:31:53.433Z   183.8429   268.5937   237.1107
2001-04-07T12:31:57.440Z   184.1731   268.5535   237.5576
2001-04-07T12:32:01.447Z   183.2391   268.2204   237.2384
2001-04-07T12:32:05.454Z   183.5553   268.2489   237.7491
2001-04-07T12:32:09.460Z   183.3497   268.0282   237.8129
2001-04-07T12:32:13.467Z   182.3744   267.7225   237.4937
2001-04-07T12:32:17.474Z   182.7046   267.6823   237.9406
2001-04-07T12:32:21.481Z   181.8807   267.3358   237.6214
2001-04-07T12:32:25.487Z   182.1695   267.3230   238.1321
2001-04-07T12:32:29.494Z   181.9639   267.1023   238.2597
2001-04-07T12:32:33.501Z   181.0160   266.8379   237.9406
2001-04-07T12:32:37.508Z   181.3461   266.7977   238.3874
2001-04-07T12:32:41.515Z   180.4535   266.4372   238.0682
2001-04-07T12:32:45.521Z   180.7423   266.4245   238.5789
2001-04-07T12:32:49.528Z   179.8910   266.0366   238.3236
2001-04-07T12:32:53.535Z   179.5754   265.8293   238.3874
2001-04-07T12:32:57.542Z   179.9330   265.8305   238.8981
2001-04-07T12:33:01.548Z   179.0817   265.4426   238.5789
2001-04-07T12:33:05.555Z   179.3705   265.4298   239.0896
2001-04-07T12:33:09.562Z   179.1789   265.1404   239.2172
2001-04-07T12:33:13.569Z   178.2589   264.7386   238.9619
2001-04-07T12:33:17.575Z   178.6031   264.6297   239.5364
2001-04-07T12:33:21.582Z   177.7244   264.2005   239.2811
2001-04-07T12:33:25.589Z   178.0686   264.0916   239.8556
2001-04-07T12:33:29.596Z   177.9323   263.7061   239.9833
2001-04-07T12:33:33.602Z   177.0811   263.3183   239.7279
2001-04-07T12:33:37.609Z   177.4526   263.2508   240.2386
2001-04-07T12:33:41.616Z   176.6426   262.8355   239.9833
2001-04-07T12:33:45.623Z   176.9868   262.7267   240.4939
2001-04-07T12:33:49.629Z   176.8779   262.3825   240.6216
2001-04-07T12:33:53.636Z   175.9579   261.9807   240.3663
2001-04-07T12:33:57.643Z   176.3020   261.8718   240.8769
2001-04-07T12:34:01.650Z   175.4781   261.5253   240.6216
2001-04-07T12:34:05.657Z   175.8496   261.4578   241.1323
2001-04-07T12:34:09.663Z   175.6994   261.1410   241.2599
2001-04-07T12:34:13.670Z   174.8481   260.7531   240.9408
2001-04-07T12:34:17.677Z   175.2196   260.6856   241.4514
2001-04-07T12:34:21.684Z   174.4237   260.2017   241.1961
2001-04-07T12:34:25.690Z   174.7952   260.1342   241.7068
2001-04-07T12:34:29.697Z   173.9852   259.7189   241.4514
2001-04-07T12:34:33.704Z   173.7523   259.4569   241.5153
2001-04-07T12:34:37.711Z   174.1512   259.4307   241.9621
2001-04-07T12:34:41.717Z   173.3412   259.0155   241.7068
2001-04-07T12:34:45.724Z   173.6854   258.9066   242.2174
2001-04-07T12:34:49.731Z   172.9441   258.5054   241.8344
2001-04-07T12:34:53.738Z   172.7800   258.2573   241.9621
2001-04-07T12:34:57.744Z   173.1928   258.1624   242.4089
2001-04-07T12:35:01.751Z   172.4102   257.7885   242.0259
2001-04-07T12:35:05.758Z   172.7404   257.7484   242.5366
2001-04-07T12:35:09.765Z   171.9304   257.3332   242.2174
2001-04-07T12:35:13.772Z   171.7249   257.1125   242.3451
2001-04-07T12:35:17.778Z   172.0964   257.0449   242.7919
2001-04-07T12:35:21.785Z   171.2999   256.7398   242.4089
2001-04-07T12:35:25.792Z   171.6300   256.6996   242.8558
2001-04-07T12:35:29.799Z   170.8061   256.3531   242.4728
2001-04-07T12:35:33.805Z   170.6693   256.1464   242.4728
2001-04-07T12:35:37.812Z   171.0268   256.1476   242.9196
2001-04-07T12:35:41.819Z   170.2029   255.8010   242.5366
2001-04-07T12:35:45.826Z   170.5191   255.8296   242.9196
2001-04-07T12:35:49.832Z   169.7225   255.5244   242.5366
2001-04-07T12:35:53.839Z   169.5304   255.4138   242.4728
2001-04-07T12:35:57.846Z   169.8465   255.4423   242.8558
2001-04-07T12:36:01.853Z   169.0500   255.1372   242.4089
2001-04-07T12:36:05.859Z   169.3662   255.1657   242.7919
2001-04-07T12:36:09.866Z   169.2293   254.9590   242.8558
2001-04-07T12:36:13.873Z   168.3087   254.7359   242.4089
2001-04-07T12:36:17.880Z   168.6249   254.7645   242.7919
2001-04-07T12:36:21.886Z   167.8010   254.4180   242.4089
2001-04-07T12:36:25.893Z   168.1585   254.4191   242.8558
2001-04-07T12:36:29.900Z   167.4307   254.1280   242.4089
2001-04-07T12:36:33.907Z   167.1838   253.9346   242.4089
2001-04-07T12:36:37.914Z   167.5140   253.8945   242.8558
2001-04-07T12:36:41.920Z   166.7174   253.5893   242.4728
2001-04-07T12:36:45.927Z   167.0062   253.5765   242.9196
2001-04-07T12:36:49.934Z   166.2924   253.2166   242.5366
2001-04-07T12:36:53.941Z   166.1555   253.0099   242.6004
2001-04-07T12:36:57.947Z   166.4443   252.9971   243.0473
2001-04-07T12:37:01.954Z   165.6618   252.6232   242.6643
2001-04-07T12:37:05.961Z   165.9092   252.6378   243.0473
2001-04-07T12:37:09.968Z   165.1406   252.1952   242.7919
2001-04-07T12:37:13.974Z   164.9491   251.9058   242.9196
2001-04-07T12:37:17.981Z   165.2792   251.8656   243.4303
2001-04-07T12:37:21.988Z   164.4553   251.5191   243.1111
2001-04-07T12:37:25.995Z   164.7168   251.4650   243.5579
2001-04-07T12:37:30.001Z   163.9202   251.1598   243.1749
2001-04-07T12:37:34.008Z   163.6873   250.8977   243.2388
2001-04-07T12:37:38.015Z   163.9761   250.8850   243.6856
2001-04-07T12:37:42.022Z   163.1522   250.5384   243.3664
2001-04-07T12:37:46.029Z   163.4824   250.4983   243.8133
2001-04-07T12:37:50.035Z   162.6584   250.1518   243.4941
2001-04-07T12:37:54.042Z   162.4116   249.9584   243.5579
2001-04-07T12:37:58.049Z   162.7004   249.9456   244.0048
2001-04-07T12:38:02.056Z   161.9591   249.5444   243.6856
2001-04-07T12:38:06.062Z   162.2480   249.5316   244.1324
2001-04-07T12:38:10.069Z   162.0838   249.2835   244.1963
2001-04-07T12:38:14.076Z   161.2459   249.0057   243.8133
2001-04-07T12:38:18.083Z   161.5073   248.9516   244.2601
2001-04-07T12:38:22.089Z   160.7661   248.5504   243.9409
2001-04-07T12:38:26.096Z   161.0409   248.6063   244.3239
2001-04-07T12:38:30.103Z   160.2857   248.2737   243.9409
2001-04-07T12:38:34.110Z   160.1075   248.0944   243.9409
2001-04-07T12:38:38.116Z   160.4237   248.1229   244.3239
2001-04-07T12:38:42.123Z   159.6272   247.8178   243.9409
2001-04-07T12:38:46.130Z   159.9160   247.8050   244.3878
2001-04-07T12:38:50.137Z   159.1334   247.4311   244.0048
2001-04-07T12:38:54.144Z   158.9279   247.2104   244.0686
2001-04-07T12:38:58.150Z   159.2167   247.1976   244.5154
2001-04-07T12:39:02.157Z   158.4615   246.8651   244.1324
2001-04-07T12:39:06.164Z   158.7229   246.8109   244.5793
2001-04-07T12:39:10.171Z   158.6001   246.5355   244.6431
2001-04-07T12:39:14.177Z   157.7622   246.2577   244.1963
2001-04-07T12:39:18.184Z   158.0510   246.2449   244.7069
2001-04-07T12:39:22.191Z   157.2684   245.8710   244.3239
2001-04-07T12:39:26.198Z   157.5299   245.8169   244.7708
2001-04-07T12:39:30.204Z   157.4070   245.5414   244.8346
2001-04-07T12:39:34.211Z   156.5004   245.2497   244.5154
2001-04-07T12:39:38.218Z   156.7065   245.2916   244.9623
2001-04-07T12:39:42.225Z   155.9240   244.9177   244.5793
2001-04-07T12:39:46.231Z   156.1714   244.9323   245.0261
2001-04-07T12:39:50.238Z   155.4162   244.5998   244.6431
2001-04-07T12:39:54.245Z   155.1693   244.4064   244.6431
2001-04-07T12:39:58.252Z   155.4582   244.3936   245.0899
2001-04-07T12:40:02.258Z   154.6756   244.0197   244.7069
2001-04-07T12:40:06.265Z   154.9644   244.0070   245.1538
2001-04-07T12:40:10.272Z   154.2092   243.6744   244.7708
2001-04-07T12:40:14.279Z   154.0036   243.4537   244.7708
2001-04-07T12:40:18.286Z   154.2925   243.4409   245.2176
2001-04-07T12:40:22.292Z   153.5512   243.0397   244.8984
2001-04-07T12:40:26.299Z   153.8127   242.9855   245.3453
2001-04-07T12:40:30.306Z   153.0714   242.5843   245.0261
2001-04-07T12:40:34.313Z   152.8659   242.3636   245.0261
2001-04-07T12:40:38.319Z   153.1547   242.3508   245.4729
2001-04-07T12:40:42.326Z   152.3582   242.0456   245.0899
2001-04-07T12:40:46.333Z   152.6470   242.0328   245.5368
2001-04-07T12:40:50.340Z   151.8504   241.7277   245.0899
2001-04-07T12:40:54.346Z   151.6035   241.5343   245.1538
2001-04-07T12:40:58.353Z   151.8924   241.5215   245.6006
2001-04-07T12:41:02.360Z   151.1372   241.1890   245.2176
2001-04-07T12:41:06.367Z   151.3846   241.2036   245.6006
2001-04-07T12:41:10.373Z   151.2204   240.9555   245.6644
2001-04-07T12:41:14.380Z   150.4239   240.6503   245.2814
2001-04-07T12:41:18.387Z   150.6713   240.6649   245.6644
2001-04-07T12:41:22.394Z   149.8474   240.3184   245.3453
2001-04-07T12:41:26.401Z   150.0536   240.3603   245.7283
2001-04-07T12:41:30.407Z   149.8480   240.1396   245.7921
2001-04-07T12:41:34.414Z   149.0241   239.7931   245.4091
2001-04-07T12:41:38.421Z   149.2302   239.8351   245.7921
2001-04-07T12:41:42.428Z   148.5297   239.5852   245.4091
2001-04-07T12:41:46.434Z   148.8319   239.6825   245.7283
2001-04-07T12:41:50.441Z   148.6811   239.5445   245.6644
2001-04-07T12:41:54.448Z   147.8019   239.2940   245.2176
2001-04-07T12:41:58.455Z   148.0220   239.2673   245.6006
2001-04-07T12:42:02.461Z   147.1841   238.9894   245.1538
2001-04-07T12:42:06.468Z   147.4316   239.0040   245.6006
2001-04-07T12:42:10.475Z   147.3501   238.7012   245.6006
2001-04-07T12:42:14.482Z   146.6496   238.4514   245.2176
2001-04-07T12:42:18.488Z   147.0071   238.4526   245.6006
2001-04-07T12:42:22.495Z   146.2932   238.0927   245.2176
2001-04-07T12:42:26.502Z   146.5547   238.0385   245.6006
2001-04-07T12:42:30.509Z   146.4045   237.7218   245.6644
2001-04-07T12:42:34.515Z   145.6219   237.3479   245.3453
2001-04-07T12:42:38.522Z   145.8834   237.2937   245.7921
2001-04-07T12:42:42.529Z   145.1695   236.9338   245.4729
2001-04-07T12:42:46.536Z   145.4309   236.8797   245.9198
2001-04-07T12:42:50.543Z   144.6897   236.4785   245.5368
2001-04-07T12:42:54.549Z   144.5255   236.2304   245.6006
2001-04-07T12:42:58.556Z   144.7183   236.1623   246.1113
2001-04-07T12:43:02.563Z   143.9770   235.7610   245.7921
2001-04-07T12:43:06.570Z   144.1698   235.6929   246.2389
2001-04-07T12:43:10.576Z   143.4145   235.3604   245.8559
2001-04-07T12:43:14.583Z   143.2090   235.1397   245.9198
2001-04-07T12:43:18.590Z   143.4705   235.0855   246.3666
2001-04-07T12:43:22.597Z   142.6879   234.7117   246.0474
2001-04-07T12:43:26.603Z   142.9354   234.7262   246.4304
2001-04-07T12:43:30.610Z   142.7712   234.4782   246.4304
2001-04-07T12:43:34.617Z   142.0020   234.2143   245.9836
2001-04-07T12:43:38.624Z   142.2494   234.2289   246.4304
2001-04-07T12:43:42.630Z   141.5356   233.8690   246.0474
2001-04-07T12:43:46.637Z   141.8244   233.8562   246.4304
2001-04-07T12:43:50.644Z   141.1239   233.6064   245.9836
2001-04-07T12:43:54.651Z   140.9731   233.4684   245.9198
2001-04-07T12:43:58.658Z   141.2346   233.4142   246.3028
2001-04-07T12:44:02.664Z   140.5207   233.0543   245.9198
2001-04-07T12:44:06.671Z   140.8235   232.9728   246.3666
2001-04-07T12:44:10.678Z   140.7006   232.6974   246.4304
2001-04-07T12:44:14.685Z   139.9728   232.4062   245.9836
2001-04-07T12:44:18.691Z   140.2203   232.4208   246.3666
2001-04-07T12:44:22.698Z   140.0834   232.2140   246.3666
2001-04-07T12:44:26.705Z   139.7399   232.1441   246.3666
2001-04-07T12:44:30.712Z   139.0394   231.8943   245.8559
2001-04-07T12:44:34.718Z   138.8473   231.7837   245.7921
2001-04-07T12:44:38.725Z   139.0947   231.7982   246.1751
2001-04-07T12:44:42.732Z   138.3669   231.5070   245.7283
2001-04-07T12:44:46.739Z   138.6417   231.5630   246.1113
2001-04-07T12:44:50.745Z   138.5183   231.4663   245.9836
2001-04-07T12:44:54.752Z   137.8178   231.2164   245.5368
2001-04-07T12:44:58.759Z   138.0379   231.1897   245.9836
2001-04-07T12:45:02.766Z   137.2967   230.7884   245.6006
2001-04-07T12:45:06.773Z   137.5855   230.7756   245.9836
2001-04-07T12:45:10.779Z   137.4213   230.5276   246.0474
2001-04-07T12:45:14.786Z   136.6521   230.2637   245.6644
2001-04-07T12:45:18.793Z   136.9269   230.3197   246.0474
2001-04-07T12:45:22.800Z   136.2404   230.0011   245.6006
2001-04-07T12:45:26.806Z   136.5019   229.9470   245.9836
2001-04-07T12:45:30.813Z   136.4064   229.7129   245.9836
2001-04-07T12:45:34.820Z   135.7199   229.3943   245.6006
2001-04-07T12:45:38.827Z   136.0087   229.3815   245.9836
2001-04-07T12:45:42.833Z   135.3909   229.0770   245.4729
2001-04-07T12:45:46.840Z   135.6797   229.0642   245.8559
2001-04-07T12:45:50.847Z   135.5703   228.8988   245.7921
2001-04-07T12:45:54.854Z   134.8838   228.5802   245.3453
2001-04-07T12:45:58.860Z   135.1726   228.5674   245.7921
2001-04-07T12:46:02.867Z   134.4861   228.2489   245.3453
2001-04-07T12:46:06.874Z   134.8163   228.2087   245.7283
2001-04-07T12:46:10.881Z   134.7208   227.9746   245.7283
2001-04-07T12:46:14.887Z   134.0203   227.7248   245.2814
2001-04-07T12:46:18.894Z   134.3091   227.7120   245.6644
2001-04-07T12:46:22.901Z   133.6500   227.4348   245.1538
2001-04-07T12:46:26.908Z   133.9662   227.4633   245.4729
2001-04-07T12:46:30.915Z   133.8980   227.2706   245.4091
2001-04-07T12:46:34.921Z   133.2663   227.0347   244.9623
2001-04-07T12:46:38.928Z   133.5551   227.0219   245.3453
2001-04-07T12:46:42.935Z   133.4870   226.8292   245.2814
2001-04-07T12:46:46.942Z   132.7731   226.4693   244.8984
2001-04-07T12:46:50.948Z   133.0619   226.4565   245.2814
2001-04-07T12:46:54.955Z   132.3480   226.0966   244.9623
2001-04-07T12:46:58.962Z   132.5682   226.0698   245.4091
2001-04-07T12:47:02.969Z   131.8816   225.7513   245.0261
2001-04-07T12:47:06.975Z   131.6761   225.5306   245.0261
2001-04-07T12:47:10.982Z   131.9376   225.4764   245.4091
2001-04-07T12:47:14.989Z   131.2097   225.1852   245.0261
2001-04-07T12:47:18.996Z   131.4298   225.1585   245.4091
