2001-05-31T10:18:34.000Z    -0.1447    -2.1263    -6.6777
2001-05-31T10:18:38.019Z     0.4359     3.4533    -7.6289
2001-05-31T10:18:42.038Z     0.4972     3.4358    -7.5960
2001-05-31T10:18:46.058Z     0.5611     3.4511    -7.5301
2001-05-31T10:18:50.077Z     0.5300     3.4563    -7.4725
2001-05-31T10:18:54.097Z     0.5621     3.4120    -7.4436
2001-05-31T10:18:58.116Z     0.5045     3.3888    -7.3778
2001-05-31T10:19:02.136Z     0.5311     3.3711    -7.2830
2001-05-31T10:19:06.155Z     0.5898     3.3553    -7.2336
2001-05-31T10:19:10.174Z     0.6209     3.3501    -7.1925
2001-05-31T10:19:14.194Z     0.6245     3.3324    -7.1883
2001-05-31T10:19:18.213Z     0.6218     3.3457    -7.2378
2001-05-31T10:19:22.233Z     0.6351     3.3253    -7.2748
2001-05-31T10:19:26.252Z     0.6291     3.2640    -7.3078
2001-05-31T10:19:30.272Z     0.6798     3.2305    -7.3407
2001-05-31T10:19:34.291Z     0.7127     3.2395    -7.3860
2001-05-31T10:19:38.311Z     0.7304     3.2546    -7.4272
2001-05-31T10:19:42.330Z     0.7676     3.2645    -7.4601
2001-05-31T10:19:46.349Z     0.7640     3.2707    -7.4478
2001-05-31T10:19:50.369Z     0.7470     3.3088    -7.4519
2001-05-31T10:19:54.388Z     0.7664     3.3497    -7.4436
2001-05-31T10:19:58.408Z     0.7771     3.3542    -7.3695
2001-05-31T10:20:02.427Z     0.7912     3.3755    -7.3530
2001-05-31T10:20:06.447Z     0.7815     3.3551    -7.3160
2001-05-31T10:20:10.466Z     0.8232     3.3543    -7.2336
2001-05-31T10:20:14.486Z     0.8497     3.3944    -7.3036
2001-05-31T10:20:18.505Z     0.8516     3.3624    -7.3613
2001-05-31T10:20:22.524Z     0.8854     3.3323    -7.3448
2001-05-31T10:20:26.544Z     0.8819     3.3270    -7.3160
2001-05-31T10:20:30.563Z     0.9083     3.3901    -7.3489
2001-05-31T10:20:34.583Z     0.9391     3.4657    -7.3283
2001-05-31T10:20:38.602Z     0.9613     3.4702    -7.3489
2001-05-31T10:20:42.622Z     1.0038     3.5112    -7.4683
2001-05-31T10:20:46.641Z     1.0225     3.4988    -7.4272
2001-05-31T10:20:50.661Z     1.0293     3.5672    -7.4766
2001-05-31T10:20:54.680Z     1.0613     3.5575    -7.5219
2001-05-31T10:20:58.699Z     1.0976     3.5834    -7.5136
2001-05-31T10:21:02.719Z     1.0895     3.6117    -7.4560
2001-05-31T10:21:06.738Z     1.1508     3.6173    -7.4560
2001-05-31T10:21:10.758Z     1.1943     3.6192    -7.4766
2001-05-31T10:21:14.777Z     1.1863     3.6129    -7.4683
2001-05-31T10:21:18.797Z     1.2005     3.6228    -7.4725
2001-05-31T10:21:22.816Z     1.1987     3.6085    -7.4601
2001-05-31T10:21:26.835Z     1.2041     3.6050    -7.3983
2001-05-31T10:21:30.855Z     1.2235     3.6228    -7.4148
2001-05-31T10:21:34.874Z     1.2262     3.6211    -7.4231
2001-05-31T10:21:38.894Z     1.2131     3.5607    -7.3695
2001-05-31T10:21:42.913Z     1.2605     3.4410    -7.3407
2001-05-31T10:21:46.933Z     1.2996     3.4305    -7.3242
2001-05-31T10:21:50.952Z     1.2499     3.4250    -7.2625
2001-05-31T10:21:54.972Z     1.2420     3.4187    -7.2625
2001-05-31T10:21:58.991Z     1.2855     3.3976    -7.2789
2001-05-31T10:22:03.010Z     1.2854     3.4437    -7.2501
2001-05-31T10:22:07.030Z     1.2793     3.3940    -7.2830
2001-05-31T10:22:11.049Z     1.2838     3.3949    -7.3036
2001-05-31T10:22:15.069Z     1.2704     3.4153    -7.2954
2001-05-31T10:22:19.088Z     1.2748     3.4047    -7.3119
2001-05-31T10:22:23.108Z     1.2882     3.4074    -7.3283
2001-05-31T10:22:27.127Z     1.2516     3.4623    -7.3489
2001-05-31T10:22:31.147Z     1.2853     3.4553    -7.4436
2001-05-31T10:22:35.166Z     1.3174     3.4110    -7.5013
2001-05-31T10:22:39.185Z     1.2927     3.3621    -7.4972
2001-05-31T10:22:43.205Z     1.2769     3.3265    -7.4848
2001-05-31T10:22:47.224Z     1.2521     3.3007    -7.4725
2001-05-31T10:22:51.244Z     1.2316     3.3220    -7.4766
2001-05-31T10:22:55.263Z     1.1988     3.3130    -7.5219
2001-05-31T10:22:59.283Z     1.1607     3.2844    -7.5342
2001-05-31T10:23:03.302Z     1.1278     3.3216    -7.5260
2001-05-31T10:23:07.322Z     1.1127     3.3162    -7.5301
2001-05-31T10:23:11.341Z     1.1234     3.2976    -7.5507
2001-05-31T10:23:15.360Z     1.0888     3.2975    -7.5466
2001-05-31T10:23:19.380Z     1.0942     3.2709    -7.5919
2001-05-31T10:23:23.399Z     1.0979     3.2301    -7.6125
2001-05-31T10:23:27.419Z     1.0669     3.2007    -7.6248
2001-05-31T10:23:31.438Z     1.0804     3.1457    -7.6413
2001-05-31T10:23:35.458Z     1.0797     3.1040    -7.6125
2001-05-31T10:23:39.477Z     1.0752     3.1031    -7.6084
2001-05-31T10:23:43.496Z     1.0904     3.0738    -7.6578
2001-05-31T10:23:47.516Z     1.1029     3.0579    -7.6742
2001-05-31T10:23:51.535Z     1.0719     3.0516    -7.6578
2001-05-31T10:23:55.555Z     1.0756     3.0108    -7.7031
2001-05-31T10:23:59.574Z     1.0684     3.0232    -7.7072
2001-05-31T10:24:03.594Z     1.0586     3.0258    -7.6866
2001-05-31T10:24:07.613Z     1.0764     3.0294    -7.7072
2001-05-31T10:24:11.633Z     1.0915     3.0117    -7.7401
2001-05-31T10:24:15.652Z     1.0684     3.0232    -7.7360
2001-05-31T10:24:19.671Z     1.0454     3.0000    -7.7978
2001-05-31T10:24:23.691Z     1.0391     3.0195    -7.8184
2001-05-31T10:24:27.710Z     1.0196     3.0248    -7.8142
2001-05-31T10:24:31.730Z     1.0312     3.0133    -7.8225
2001-05-31T10:24:35.749Z     1.0356     3.0027    -7.8060
2001-05-31T10:24:39.769Z     1.0294     3.0222    -7.7648
2001-05-31T10:24:43.788Z     1.0382     3.0240    -7.8184
2001-05-31T10:24:47.808Z     1.0524     3.0338    -7.8719
2001-05-31T10:24:51.827Z     1.0373     3.0399    -7.8513
2001-05-31T10:24:55.846Z     1.0276     3.0195    -7.8554
2001-05-31T10:24:59.866Z     1.0188     2.9946    -7.8842
2001-05-31T10:25:03.885Z     0.9860     2.9972    -7.8554
2001-05-31T10:25:07.905Z     0.9895     3.0025    -7.8678
2001-05-31T10:25:11.924Z     0.9798     2.9821    -7.8554
2001-05-31T10:25:15.944Z     0.9762     2.9998    -7.8225
2001-05-31T10:25:19.963Z     0.9922     2.9777    -7.8348
2001-05-31T10:25:23.983Z     0.9976     2.9626    -7.8225
2001-05-31T10:25:28.002Z     0.9888     2.9492    -7.8060
2001-05-31T10:25:32.021Z     0.9879     2.9306    -7.8472
2001-05-31T10:25:36.041Z     0.9996     2.8960    -7.8390
2001-05-31T10:25:40.060Z     0.9694     2.8968    -7.8225
2001-05-31T10:25:44.080Z     0.9837     2.8720    -7.8348
2001-05-31T10:25:48.099Z     0.9927     2.8507    -7.8142
2001-05-31T10:25:52.119Z     1.0016     2.8410    -7.7978
2001-05-31T10:25:56.138Z     0.9990     2.8082    -7.7937
2001-05-31T10:26:00.158Z     1.0044     2.7931    -7.7854
2001-05-31T10:26:04.177Z     0.9929     2.7815    -7.7813
2001-05-31T10:26:08.196Z     1.0001     2.7460    -7.8101
2001-05-31T10:26:12.216Z     1.0161     2.7354    -7.8101
2001-05-31T10:26:16.235Z     1.0321     2.7248    -7.7689
2001-05-31T10:26:20.255Z     1.0438     2.6902    -7.7772
2001-05-31T10:26:24.274Z     1.0492     2.6752    -7.8019
2001-05-31T10:26:28.294Z     1.0421     2.6530    -7.7525
2001-05-31T10:26:32.313Z     1.0945     2.6567    -7.7484
2001-05-31T10:26:36.332Z     1.0892     2.6371    -7.7731
2001-05-31T10:26:40.352Z     1.0901     2.6327    -7.7895
2001-05-31T10:26:44.371Z     1.1123     2.6372    -7.7854
2001-05-31T10:26:48.391Z     1.1052     2.6265    -7.8184
2001-05-31T10:26:52.410Z     1.1124     2.6141    -7.8142
2001-05-31T10:26:56.430Z     1.1425     2.6364    -7.8142
2001-05-31T10:27:00.449Z     1.1674     2.6161    -7.8513
2001-05-31T10:27:04.469Z     1.1727     2.6126    -7.8101
2001-05-31T10:27:08.488Z     1.1844     2.5895    -7.8390
2001-05-31T10:27:12.507Z     1.2128     2.5745    -7.8513
2001-05-31T10:27:16.527Z     1.2155     2.5612    -7.8307
2001-05-31T10:27:20.546Z     1.2342     2.5604    -7.8431
2001-05-31T10:27:24.566Z     1.2617     2.5498    -7.8925
2001-05-31T10:27:28.585Z     1.2635     2.5410    -7.8554
2001-05-31T10:27:32.605Z     1.2626     2.5454    -7.7895
2001-05-31T10:27:36.624Z     1.2876     2.5135    -7.8142
2001-05-31T10:27:40.644Z     1.2832     2.5011    -7.8225
2001-05-31T10:27:44.663Z     1.2849     2.5153    -7.7813
2001-05-31T10:27:48.682Z     1.2974     2.4994    -7.8184
2001-05-31T10:27:52.702Z     1.3134     2.5003    -7.8348
2001-05-31T10:27:56.721Z     1.2982     2.5295    -7.8554
2001-05-31T10:28:00.741Z     1.3168     2.5172    -7.8925
2001-05-31T10:28:04.760Z     1.3257     2.5305    -7.9090
2001-05-31T10:28:08.780Z     1.2946     2.5473    -7.9007
2001-05-31T10:28:12.799Z     1.3078     2.5731    -7.9254
2001-05-31T10:28:16.819Z     1.3033     2.5837    -7.9295
2001-05-31T10:28:20.838Z     1.2908     2.6112    -7.9213
2001-05-31T10:28:24.857Z     1.2829     2.5934    -7.9337
2001-05-31T10:28:28.877Z     1.2687     2.5721    -7.9254
2001-05-31T10:28:32.896Z     1.2412     2.5826    -7.9213
2001-05-31T10:28:36.916Z     1.2625     2.5685    -7.9048
2001-05-31T10:28:40.935Z     1.2314     2.5737    -7.9048
2001-05-31T10:28:44.955Z     1.2200     2.5506    -7.8801
2001-05-31T10:28:48.974Z     1.1978     2.5576    -7.8842
2001-05-31T10:28:52.993Z     1.1774     2.5442    -7.8966
2001-05-31T10:28:57.013Z     1.1285     2.5689    -7.8595
2001-05-31T10:29:01.032Z     1.1444     2.5814    -7.8925
2001-05-31T10:29:05.052Z     1.1293     2.5876    -7.8842
2001-05-31T10:29:09.071Z     1.0991     2.6114    -7.8678
2001-05-31T10:29:13.091Z     1.1142     2.5937    -7.8801
2001-05-31T10:29:17.110Z     1.0831     2.6220    -7.8513
2001-05-31T10:29:21.130Z     1.0582     2.6308    -7.7895
2001-05-31T10:29:25.149Z     1.0644     2.6229    -7.7978
2001-05-31T10:29:29.168Z     1.0395     2.6547    -7.7854
2001-05-31T10:29:33.188Z     1.0208     2.6556    -7.7648
2001-05-31T10:29:37.207Z     1.0252     2.6565    -7.7978
2001-05-31T10:29:41.227Z     1.0287     2.6849    -7.8142
2001-05-31T10:29:45.246Z     1.0171     2.6964    -7.7895
2001-05-31T10:29:49.266Z     1.0003     2.6883    -7.7937
2001-05-31T10:29:53.285Z     1.0012     2.6839    -7.8060
2001-05-31T10:29:57.305Z     0.9985     2.6857    -7.8060
2001-05-31T10:30:01.324Z     0.9994     2.6812    -7.7895
2001-05-31T10:30:05.343Z     0.9958     2.6990    -7.7937
2001-05-31T10:30:09.363Z     0.9895     2.7185    -7.7566
2001-05-31T10:30:13.382Z     0.9940     2.7194    -7.7360
2001-05-31T10:30:17.402Z     1.0010     2.7300    -7.7484
2001-05-31T10:30:21.421Z     0.9726     2.7335    -7.7154
2001-05-31T10:30:25.441Z     0.9974     2.7593    -7.6907
2001-05-31T10:30:29.460Z     1.0187     2.7567    -7.6866
2001-05-31T10:30:33.480Z     0.9965     2.7753    -7.6372
2001-05-31T10:30:37.499Z     1.0008     2.7877    -7.6084
2001-05-31T10:30:41.518Z     1.0204     2.7825    -7.6001
2001-05-31T10:30:45.538Z     1.0115     2.7922    -7.5631
2001-05-31T10:30:49.557Z     1.0337     2.7852    -7.5548
2001-05-31T10:30:53.577Z     1.0746     2.7773    -7.5548
2001-05-31T10:30:57.596Z     1.0994     2.7685    -7.5260
2001-05-31T10:31:01.616Z     1.1066     2.7561    -7.4889
2001-05-31T10:31:05.635Z     1.1298     2.7216    -7.4972
2001-05-31T10:31:09.655Z     1.1288     2.7376    -7.4519
2001-05-31T10:31:13.674Z     1.1271     2.7349    -7.3901
2001-05-31T10:31:17.693Z     1.1493     2.7163    -7.3613
2001-05-31T10:31:21.713Z     1.1743     2.6729    -7.3160
2001-05-31T10:31:25.732Z     1.2044     2.6952    -7.2830
2001-05-31T10:31:29.752Z     1.2231     2.6829    -7.2583
2001-05-31T10:31:33.771Z     1.2543     2.6430    -7.2130
2001-05-31T10:31:37.791Z     1.2669     2.6040    -7.1554
2001-05-31T10:31:41.810Z     1.2617     2.5614    -7.1348
2001-05-31T10:31:45.829Z     1.2546     2.5392    -7.1101
2001-05-31T10:31:49.849Z     1.2778     2.5277    -7.0936
2001-05-31T10:31:53.868Z     1.2689     2.5144    -7.0854
2001-05-31T10:31:57.888Z     1.2601     2.4895    -7.0524
2001-05-31T10:32:01.907Z     1.2477     2.4939    -6.9948
2001-05-31T10:32:05.927Z     1.2388     2.4921    -7.0030
2001-05-31T10:32:09.946Z     1.2575     2.4797    -6.9948
2001-05-31T10:32:13.966Z     1.2549     2.4699    -6.9824
2001-05-31T10:32:17.985Z     1.2699     2.4753    -7.0072
2001-05-31T10:32:22.004Z     1.2637     2.4833    -6.9948
2001-05-31T10:32:26.024Z     1.2264     2.4849    -6.9536
2001-05-31T10:32:30.043Z     1.2601     2.5010    -6.9660
2001-05-31T10:32:34.063Z     1.2779     2.4815    -6.9742
2001-05-31T10:32:38.082Z     1.2868     2.4834    -6.9413
2001-05-31T10:32:42.102Z     1.2895     2.4700    -6.9495
2001-05-31T10:32:46.121Z     1.3027     2.4958    -6.9577
2001-05-31T10:32:50.141Z     1.2965     2.5038    -6.9289
2001-05-31T10:32:54.160Z     1.2975     2.4532    -6.9001
2001-05-31T10:32:58.179Z     1.2922     2.4452    -6.8713
2001-05-31T10:33:02.199Z     1.3028     2.4843    -6.8466
2001-05-31T10:33:06.218Z     1.3036     2.5029    -6.8548
2001-05-31T10:33:10.238Z     1.2796     2.5188    -6.8383
2001-05-31T10:33:14.257Z     1.2688     2.5605    -6.8754
2001-05-31T10:33:18.277Z     1.2092     2.6038    -6.8630
2001-05-31T10:33:22.296Z     1.1559     2.5930    -6.8466
2001-05-31T10:33:26.316Z     1.1115     2.6186    -6.8219
2001-05-31T10:33:30.335Z     1.1230     2.6302    -6.8424
2001-05-31T10:33:34.354Z     1.1567     2.6232    -6.8589
2001-05-31T10:33:38.374Z     1.1221     2.6230    -6.8877
2001-05-31T10:33:42.393Z     1.1230     2.6071    -6.8754
2001-05-31T10:33:46.413Z     1.1568     2.5885    -6.8836
2001-05-31T10:33:50.432Z     1.2005     2.5328    -6.8589
2001-05-31T10:33:54.452Z     1.1614     2.5433    -6.8177
2001-05-31T10:33:58.471Z     1.1509     2.5042    -6.7848
2001-05-31T10:34:02.490Z     1.1421     2.4909    -6.7518
2001-05-31T10:34:06.510Z     1.1091     2.5165    -6.7560
2001-05-31T10:34:10.529Z     1.1039     2.4854    -6.7354
2001-05-31T10:34:14.549Z     1.1075     2.4907    -6.7395
2001-05-31T10:34:18.568Z     1.0863     2.4587    -6.7107
2001-05-31T10:34:22.588Z     1.1024     2.4020    -6.6983
2001-05-31T10:34:26.607Z     1.0809     2.4738    -6.7766
2001-05-31T10:34:30.627Z     1.0701     2.5270    -6.7601
2001-05-31T10:34:34.646Z     1.0513     2.5509    -6.8095
2001-05-31T10:34:38.665Z     1.0025     2.5525    -6.7436
2001-05-31T10:34:42.685Z     0.9829     2.5924    -6.7354
2001-05-31T10:34:46.704Z     0.9846     2.6066    -6.8136
2001-05-31T10:34:50.724Z     0.9525     2.6394    -6.8466
2001-05-31T10:34:54.743Z     0.9471     2.6660    -6.8630
2001-05-31T10:34:58.763Z     0.9461     2.7050    -6.9042
2001-05-31T10:35:02.782Z     0.9309     2.7227    -6.8877
2001-05-31T10:35:06.802Z     0.9379     2.7795    -6.9413
2001-05-31T10:35:10.821Z     0.9174     2.7892    -6.9042
2001-05-31T10:35:14.840Z     0.9343     2.7857    -6.9454
2001-05-31T10:35:18.860Z     0.9084     2.8221    -6.9083
2001-05-31T10:35:22.879Z     0.8916     2.8140    -6.9166
2001-05-31T10:35:26.899Z     0.8897     2.8460    -6.9454
2001-05-31T10:35:30.918Z     0.8728     2.8725    -6.9371
2001-05-31T10:35:34.938Z     0.8611     2.8956    -6.9248
2001-05-31T10:35:38.957Z     0.8691     2.9018    -6.9371
2001-05-31T10:35:42.977Z     0.8540     2.9195    -6.9783
2001-05-31T10:35:46.996Z     0.8467     2.9550    -6.9536
2001-05-31T10:35:51.015Z     0.8520     2.9630    -7.0030
2001-05-31T10:35:55.035Z     0.8538     2.9772    -6.9948
2001-05-31T10:35:59.054Z     0.8431     2.9843    -6.9619
2001-05-31T10:36:03.074Z     0.8608     2.9994    -6.9989
2001-05-31T10:36:07.093Z     0.8599     2.9923    -6.9824
2001-05-31T10:36:11.113Z     0.8484     3.0038    -6.9619
2001-05-31T10:36:15.132Z     0.8687     3.0287    -6.9989
2001-05-31T10:36:19.151Z     0.8713     3.0500    -6.9824
2001-05-31T10:36:23.171Z     0.8792     3.0563    -6.9824
2001-05-31T10:36:27.190Z     0.8917     3.0403    -7.0154
2001-05-31T10:36:31.210Z     0.8917     3.0519    -7.0030
2001-05-31T10:36:35.229Z     0.8917     3.0403    -6.9536
2001-05-31T10:36:39.249Z     0.9192     3.0413    -6.9454
2001-05-31T10:36:43.268Z     0.9380     3.0174    -6.9577
2001-05-31T10:36:47.288Z     0.9432     3.0370    -6.9495
2001-05-31T10:36:51.307Z     0.8624     3.0367    -6.8630
2001-05-31T10:36:55.326Z     0.8847     3.0297    -6.8548
2001-05-31T10:36:59.346Z     0.9175     3.0271    -6.8630
2001-05-31T10:37:03.365Z     0.9352     3.0538    -6.9248
2001-05-31T10:37:07.385Z     0.9148     3.0404    -6.9577
2001-05-31T10:37:11.404Z     0.9530     3.0228    -6.8836
2001-05-31T10:37:15.424Z     0.9477     3.0263    -6.8507
2001-05-31T10:37:19.443Z     0.9416     2.9997    -6.8301
2001-05-31T10:37:23.463Z     0.9283     2.9970    -6.8589
2001-05-31T10:37:27.482Z     0.9424     3.0183    -6.8877
2001-05-31T10:37:31.501Z     0.9343     3.0467    -6.9248
2001-05-31T10:37:35.521Z     0.9014     3.0608    -6.9248
2001-05-31T10:37:39.540Z     0.8676     3.0793    -6.9083
2001-05-31T10:37:43.560Z     0.8472     3.0775    -6.9413
2001-05-31T10:37:47.579Z     0.8739     3.0714    -6.9742
2001-05-31T10:37:51.599Z     0.8668     3.0722    -6.9783
2001-05-31T10:37:55.618Z     0.8792     3.0678    -6.9742
2001-05-31T10:37:59.638Z     0.8925     3.0821    -7.0030
2001-05-31T10:38:03.657Z     0.8694     3.0935    -7.0277
2001-05-31T10:38:07.676Z     0.8729     3.0989    -7.1019
2001-05-31T10:38:11.696Z     0.8710     3.1193    -7.1225
2001-05-31T10:38:15.715Z     0.8435     3.1298    -7.1019
2001-05-31T10:38:19.735Z     0.8418     3.1041    -7.1019
2001-05-31T10:38:23.754Z     0.8338     3.0979    -7.0895
2001-05-31T10:38:27.774Z     0.8225     3.0401    -7.0936
2001-05-31T10:38:31.793Z     0.8118     3.0587    -7.1060
2001-05-31T10:38:35.813Z     0.7905     3.0498    -7.0895
2001-05-31T10:38:39.832Z     0.7931     3.0711    -7.0648
2001-05-31T10:38:43.851Z     0.8002     3.0702    -7.0730
2001-05-31T10:38:47.871Z     0.8171     3.0667    -7.0895
2001-05-31T10:38:51.890Z     0.8136     3.0499    -7.0648
2001-05-31T10:38:55.910Z     0.7967     3.0533    -7.0483
2001-05-31T10:38:59.929Z     0.7985     3.0329    -7.1019
2001-05-31T10:39:03.949Z     0.8154     3.0410    -7.1307
2001-05-31T10:39:07.968Z     0.8091     3.0490    -7.1430
2001-05-31T10:39:11.987Z     0.8305     3.0233    -7.1719
2001-05-31T10:39:16.007Z     0.8395     3.0020    -7.1801
2001-05-31T10:39:20.026Z     0.8342     2.9940    -7.1801
2001-05-31T10:39:24.046Z     0.8458     2.9710    -7.1677
2001-05-31T10:39:28.065Z     0.8485     2.9692    -7.1760
2001-05-31T10:39:32.085Z     0.8289     2.9860    -7.1636
2001-05-31T10:39:36.104Z     0.8334     2.9638    -7.1925
2001-05-31T10:39:40.124Z     0.8352     2.9550    -7.2048
2001-05-31T10:39:44.143Z     0.8326     2.9452    -7.1966
2001-05-31T10:39:48.162Z     0.8495     2.9301    -7.2254
2001-05-31T10:39:52.182Z     0.8691     2.9133    -7.2089
2001-05-31T10:39:56.201Z     0.8593     2.9275    -7.1966
2001-05-31T10:40:00.221Z     0.8851     2.9027    -7.2130
2001-05-31T10:40:04.240Z     0.8878     2.8894    -7.2130
2001-05-31T10:40:08.260Z     0.8745     2.8752    -7.2130
2001-05-31T10:40:12.279Z     0.8454     2.8254    -7.2213
2001-05-31T10:40:16.299Z     0.8480     2.8352    -7.2378
2001-05-31T10:40:20.318Z     0.8940     2.8815    -7.2460
2001-05-31T10:40:24.337Z     0.9125     2.9268    -7.2295
2001-05-31T10:40:28.357Z     0.9062     2.9463    -7.2172
2001-05-31T10:40:32.376Z     0.9044     2.9667    -7.1801
2001-05-31T10:40:36.396Z     0.9142     2.9641    -7.1760
2001-05-31T10:40:40.415Z     0.9284     2.9508    -7.2089
2001-05-31T10:40:44.435Z     0.9054     2.9161    -7.1842
2001-05-31T10:40:48.454Z     0.9001     2.9197    -7.1636
2001-05-31T10:40:52.474Z     0.9160     2.9321    -7.1719
2001-05-31T10:40:56.493Z     0.9054     2.9392    -7.1307
2001-05-31T10:41:00.512Z     0.9045     2.9206    -7.1307
2001-05-31T10:41:04.532Z     0.9179     2.9233    -7.1389
2001-05-31T10:41:08.551Z     0.9090     2.9099    -7.1472
2001-05-31T10:41:12.571Z     0.9259     2.9180    -7.1101
2001-05-31T10:41:16.590Z     0.9214     2.9171    -7.1142
2001-05-31T10:41:20.610Z     0.9029     2.8948    -7.1060
2001-05-31T10:41:24.629Z     0.8886     2.9081    -7.0524
2001-05-31T10:41:28.648Z     0.8958     2.8726    -7.0648
2001-05-31T10:41:32.668Z     0.8967     2.8912    -7.0607
2001-05-31T10:41:36.687Z     0.8867     2.9400    -7.0689
2001-05-31T10:41:40.707Z     0.9186     2.9650    -7.0977
2001-05-31T10:41:44.726Z     0.9195     2.9721    -7.1225
2001-05-31T10:41:48.746Z     0.9249     2.9455    -7.0813
2001-05-31T10:41:52.765Z     0.9080     2.9374    -7.0772
2001-05-31T10:41:56.785Z     0.8956     2.9534    -7.0730
2001-05-31T10:42:00.804Z     0.8929     2.9667    -7.0607
2001-05-31T10:42:04.823Z     0.8689     2.9595    -6.9989
2001-05-31T10:42:08.843Z     0.8761     2.9471    -7.0154
2001-05-31T10:42:12.862Z     0.8769     2.9542    -7.0442
2001-05-31T10:42:16.882Z     0.8449     2.9869    -7.0360
2001-05-31T10:42:20.901Z     0.8651     3.0465    -7.0524
2001-05-31T10:42:24.921Z     0.8731     3.0296    -6.9742
2001-05-31T10:42:28.940Z     0.8687     3.0287    -6.9001
2001-05-31T10:42:32.960Z     0.8856     3.0022    -6.8754
2001-05-31T10:42:36.979Z     0.8644     2.9932    -6.8466
2001-05-31T10:42:40.998Z     0.8652     3.0119    -6.8177
2001-05-31T10:42:45.018Z     0.8554     3.0145    -6.8383
2001-05-31T10:42:49.037Z     0.8571     3.0402    -6.8301
2001-05-31T10:42:53.057Z     0.8384     3.0526    -6.8054
2001-05-31T10:42:57.076Z     0.8358     3.0544    -6.8136
2001-05-31T10:43:01.096Z     0.8349     3.0357    -6.8177
2001-05-31T10:43:05.115Z     0.8480     3.0961    -6.8095
2001-05-31T10:43:09.135Z     0.8772     3.1344    -6.8383
2001-05-31T10:43:13.154Z     0.8486     3.2071    -6.8548
2001-05-31T10:43:17.173Z     0.8635     3.2586    -6.8548
2001-05-31T10:43:21.193Z     0.8830     3.2533    -6.8548
2001-05-31T10:43:25.212Z     0.8635     3.2586    -6.8795
2001-05-31T10:43:29.232Z     0.8502     3.2559    -6.8589
2001-05-31T10:43:33.251Z     0.8430     3.2683    -6.8589
2001-05-31T10:43:37.271Z     0.8687     3.2782    -6.8754
2001-05-31T10:43:41.290Z     0.8545     3.2799    -6.8630
2001-05-31T10:43:45.310Z     0.8145     3.3064    -6.8136
2001-05-31T10:43:49.329Z     0.7754     3.3169    -6.8013
2001-05-31T10:43:53.348Z     0.7648     3.3124    -6.7848
2001-05-31T10:43:57.368Z     0.7265     3.3531    -6.7766
2001-05-31T10:44:01.387Z     0.7257     3.3345    -6.8548
2001-05-31T10:44:05.407Z     0.7265     3.3416    -6.8754
2001-05-31T10:44:09.426Z     0.7166     3.3904    -6.8754
2001-05-31T10:44:13.446Z     0.7165     3.4250    -6.8919
2001-05-31T10:44:17.465Z     0.6764     3.4630    -6.9124
2001-05-31T10:44:21.484Z     0.6425     3.5162    -6.9124
2001-05-31T10:44:25.504Z     0.6504     3.5570    -6.9289
2001-05-31T10:44:29.523Z     0.6697     3.5979    -6.9248
2001-05-31T10:44:33.543Z     0.6813     3.5864    -6.9083
2001-05-31T10:44:37.562Z     0.6742     3.5988    -6.9454
2001-05-31T10:44:41.582Z     0.6758     3.6592    -6.9783
2001-05-31T10:44:45.601Z     0.6924     3.7134    -6.9866
2001-05-31T10:44:49.621Z     0.7048     3.7205    -7.0030
2001-05-31T10:44:53.640Z     0.7164     3.7206    -7.0277
2001-05-31T10:44:57.659Z     0.6861     3.7444    -6.9660
2001-05-31T10:45:01.679Z     0.6674     3.7683    -6.9001
2001-05-31T10:45:05.698Z     0.6870     3.7515    -6.9083
2001-05-31T10:45:09.718Z     0.6578     3.7133    -6.7889
2001-05-31T10:45:13.737Z     0.6424     3.5508    -6.3895
2001-05-31T10:45:17.757Z     0.7365     3.5307    -6.4801
2001-05-31T10:45:21.776Z     0.7530     3.6426    -6.6613
2001-05-31T10:45:25.796Z     0.7395     3.6976    -6.7148
2001-05-31T10:45:29.815Z     0.7326     3.6523    -6.6777
2001-05-31T10:45:33.834Z     0.7099     3.5483    -6.4924
2001-05-31T10:45:37.854Z     0.7179     3.5430    -6.5007
2001-05-31T10:45:41.873Z     0.7655     3.6266    -6.6695
2001-05-31T10:45:45.893Z     0.8000     3.6729    -6.7683
2001-05-31T10:45:49.912Z     0.8247     3.6987    -6.7601
2001-05-31T10:45:53.932Z     0.8452     3.7006    -6.7724
2001-05-31T10:45:57.951Z     0.8594     3.6873    -6.8054
2001-05-31T10:46:01.971Z     0.8710     3.6758    -6.7930
2001-05-31T10:46:05.990Z     0.8647     3.6953    -6.7683
2001-05-31T10:46:10.009Z     0.8621     3.6855    -6.7930
2001-05-31T10:46:14.029Z     0.8896     3.6865    -6.7930
2001-05-31T10:46:18.048Z     0.8878     3.6838    -6.7477
2001-05-31T10:46:22.068Z     0.9055     3.6990    -6.7477
2001-05-31T10:46:26.087Z     0.9302     3.7364    -6.8013
2001-05-31T10:46:30.107Z     0.9240     3.7559    -6.7766
2001-05-31T10:46:34.126Z     0.9337     3.7532    -6.8054
2001-05-31T10:46:38.145Z     0.9808     3.7490    -6.8054
2001-05-31T10:46:42.165Z     0.9888     3.7552    -6.8013
2001-05-31T10:46:46.184Z     1.0109     3.7597    -6.8219
2001-05-31T10:46:50.204Z     1.0100     3.7757    -6.8136
2001-05-31T10:46:54.223Z     1.0118     3.7783    -6.8095
2001-05-31T10:46:58.243Z     1.0383     3.7953    -6.8383
2001-05-31T10:47:02.262Z     1.0197     3.7961    -6.8919
2001-05-31T10:47:06.282Z     1.0453     3.8406    -6.9166
2001-05-31T10:47:10.301Z     1.0265     3.8876    -6.9371
2001-05-31T10:47:14.320Z     1.0220     3.9097    -6.9866
2001-05-31T10:47:18.340Z     1.0353     3.9125    -7.0360
2001-05-31T10:47:22.359Z     1.0431     3.9533    -7.0401
2001-05-31T10:47:26.379Z     1.0545     3.9995    -7.0648
2001-05-31T10:47:30.398Z     1.0572     3.9977    -7.0607
2001-05-31T10:47:34.418Z     1.0652     3.9924    -7.0730
2001-05-31T10:47:38.437Z     1.0785     4.0067    -7.1183
2001-05-31T10:47:42.457Z     1.0829     4.0191    -7.1307
2001-05-31T10:47:46.476Z     1.0730     4.0448    -7.1019
2001-05-31T10:47:50.495Z     1.0988     4.0431    -7.1225
2001-05-31T10:47:54.515Z     1.0889     4.0804    -7.1389
2001-05-31T10:47:58.534Z     1.0683     4.1132    -7.1307
2001-05-31T10:48:02.554Z     1.0585     4.1273    -7.1595
2001-05-31T10:48:06.573Z     1.0691     4.1549    -7.1883
2001-05-31T10:48:10.593Z     1.0672     4.1984    -7.1966
2001-05-31T10:48:14.612Z     1.0388     4.2018    -7.1719
