01 R 2001-08-30T00:40:48Z 2001-09-02T07:00:03Z  74.66 -67.09 14.917943 333.929 760.9  -0.1   0.1 -0.01  0.06 2001-09-04T08:18:04Z
01 R 2001-08-30T00:40:48Z 2001-09-02T07:00:03Z  74.66 -67.09 14.917943 333.929 760.9  -0.1   0.1 -0.01  0.06 2001-09-04T08:18:04Z
01 R 2001-09-02T07:00:03Z 2001-09-03T11:01:04Z  74.65 -67.09 14.916091 333.928 760.9  -0.1   0.1 -0.01  0.06 2001-09-04T08:19:13Z
01 R 2001-09-02T07:00:03Z 2001-09-03T11:01:04Z  74.65 -67.09 14.916091 333.928 760.9  -0.1   0.1 -0.01  0.06 2001-09-04T08:19:13Z
01 R 2001-09-03T11:01:04Z 2001-09-05T23:16:28Z  74.65 -67.10 14.916404 333.937 760.9  -0.1   0.1  0.00  0.06 2001-09-06T13:41:10Z
01 R 2001-09-03T11:01:04Z 2001-09-05T23:16:28Z  74.65 -67.10 14.916404 333.937 760.9  -0.1   0.1  0.00  0.06 2001-09-06T13:41:10Z
01 R 2001-09-03T11:01:04Z 2001-09-05T23:16:28Z  74.65 -67.10 14.916404 333.937 760.9  -0.1   0.1  0.00  0.06 2001-09-06T13:41:10Z
01 R 2001-09-05T23:16:28Z 2001-09-20T23:16:28Z  74.64 -67.09 14.915254 333.929 760.9  -0.1   0.1  0.00  0.06 2001-09-06T13:41:10Z
01 R 2001-09-05T23:16:28Z 2001-09-20T23:16:28Z  74.64 -67.09 14.915254 333.929 760.9  -0.1   0.1  0.00  0.06 2001-09-06T13:41:10Z
01 R 2001-09-05T23:16:28Z 2001-09-20T23:16:28Z  74.64 -67.09 14.915254 333.929 760.9  -0.1   0.1  0.00  0.06 2001-09-06T13:41:10Z
01 R 2001-09-05T23:16:28Z 2001-09-12T22:48:18Z  74.64 -67.09 14.915254 333.929 760.9  -0.1   0.1  0.00  0.06 2001-09-13T12:29:45Z
01 R 2001-09-05T23:16:28Z 2001-09-12T22:48:18Z  74.64 -67.09 14.915254 333.929 760.9  -0.1   0.1  0.00  0.06 2001-09-13T12:29:45Z
01 R 2001-09-05T23:16:28Z 2001-09-12T22:48:18Z  74.64 -67.09 14.915254 333.929 760.9  -0.1   0.1  0.00  0.06 2001-09-13T12:29:45Z
01 R 2001-09-05T23:16:28Z 2001-09-12T22:48:18Z  74.64 -67.09 14.915254 333.929 760.9  -0.1   0.1  0.00  0.06 2001-09-13T12:29:45Z
01 R 2001-09-05T23:16:28Z 2001-09-12T22:48:18Z  74.64 -67.09 14.915254 333.929 760.9  -0.1   0.1  0.00  0.06 2001-09-13T12:29:45Z
01 R 2001-09-12T22:48:18Z 2001-09-27T22:48:18Z  74.60 -67.09 14.914626 333.924 760.9  -0.1   0.1 -0.01  0.06 2001-09-13T12:29:45Z
01 R 2001-09-12T22:48:18Z 2001-09-27T22:48:18Z  74.60 -67.09 14.914626 333.924 760.9  -0.1   0.1 -0.01  0.06 2001-09-13T12:29:45Z
01 R 2001-09-12T22:48:18Z 2001-09-27T22:48:18Z  74.60 -67.09 14.914626 333.924 760.9  -0.1   0.1 -0.01  0.06 2001-09-13T12:29:45Z
01 R 2001-09-12T22:48:18Z 2001-09-27T22:48:18Z  74.60 -67.09 14.914626 333.924 760.9  -0.1   0.1 -0.01  0.06 2001-09-13T12:29:45Z
01 R 2001-09-12T22:48:18Z 2001-09-20T00:00:01Z  74.60 -67.09 14.914626 333.924 760.9  -0.1   0.1 -0.01  0.06 2001-09-21T13:35:43Z
01 R 2001-09-12T22:48:18Z 2001-09-20T00:00:01Z  74.60 -67.09 14.914626 333.924 760.9  -0.1   0.1 -0.01  0.06 2001-09-21T13:35:43Z
01 R 2001-09-12T22:48:18Z 2001-09-20T00:00:01Z  74.60 -67.09 14.914626 333.924 760.9  -0.1   0.1 -0.01  0.06 2001-09-21T13:35:43Z
01 R 2001-09-12T22:48:18Z 2001-09-20T00:00:01Z  74.60 -67.09 14.914626 333.924 760.9  -0.1   0.1 -0.01  0.06 2001-09-21T13:35:43Z
01 R 2001-09-12T22:48:18Z 2001-09-20T00:00:01Z  74.60 -67.09 14.914626 333.924 760.9  -0.1   0.1 -0.01  0.06 2001-09-21T13:35:43Z
01 R 2001-09-20T00:00:01Z 2001-10-05T00:00:01Z  74.59 -67.09 14.913795 333.928 760.9  -0.1   0.1  0.00  0.06 2001-09-21T13:35:43Z
01 R 2001-09-20T00:00:01Z 2001-10-05T00:00:01Z  74.59 -67.09 14.913795 333.928 760.9  -0.1   0.1  0.00  0.06 2001-09-21T13:35:43Z
01 R 2001-09-20T00:00:01Z 2001-10-05T00:00:01Z  74.59 -67.09 14.913795 333.928 760.9  -0.1   0.1  0.00  0.06 2001-09-21T13:35:43Z
01 R 2001-09-20T00:00:01Z 2001-10-05T00:00:01Z  74.59 -67.09 14.913795 333.928 760.9  -0.1   0.1  0.00  0.06 2001-09-21T13:35:43Z
01 R 2001-09-20T00:00:01Z 2001-10-05T00:00:01Z  74.59 -67.09 14.913795 333.928 760.9  -0.1   0.1  0.00  0.06 2001-09-21T13:35:43Z
01 R 2001-09-20T00:00:01Z 2001-10-05T00:00:01Z  74.59 -67.09 14.913795 333.928 760.9  -0.1   0.1  0.00  0.06 2001-09-21T13:35:43Z
01 R 2001-09-20T00:00:01Z 2001-10-05T00:00:01Z  74.59 -67.09 14.913795 333.928 760.9  -0.1   0.1  0.00  0.06 2001-09-21T13:35:43Z
01 R 2001-09-20T00:00:01Z 2001-10-01T21:45:38Z  74.59 -67.09 14.913795 333.928 760.9  -0.1   0.1  0.00  0.06 2001-10-02T08:48:09Z
01 R 2001-09-20T00:00:01Z 2001-10-01T21:45:38Z  74.59 -67.09 14.913795 333.928 760.9  -0.1   0.1  0.00  0.06 2001-10-02T08:48:09Z
01 R 2001-09-20T00:00:01Z 2001-10-01T21:45:38Z  74.59 -67.09 14.913795 333.928 760.9  -0.1   0.1  0.00  0.06 2001-10-02T08:48:09Z
01 R 2001-09-20T00:00:01Z 2001-10-01T21:45:38Z  74.59 -67.09 14.913795 333.928 760.9  -0.1   0.1  0.00  0.06 2001-10-02T08:48:09Z
