01 R 2001-03-18T12:50:02Z 2001-04-01T09:44:27Z 102.49 -63.95 14.976073 333.928 761.3  -0.1   0.1 -0.01  0.08 2001-04-02T11:11:06Z
01 R 2001-04-01T09:44:27Z 2001-04-16T09:44:27Z 102.30 -63.89 14.974680 333.933 761.3  -0.1   0.1 -0.01  0.06 2001-04-02T11:11:06Z
01 R 2001-04-01T09:44:27Z 2001-04-16T09:44:27Z 102.30 -63.89 14.974680 333.933 761.3  -0.1   0.1 -0.01  0.06 2001-04-02T11:11:06Z
01 R 2001-04-01T09:44:27Z 2001-04-16T09:44:27Z 102.30 -63.89 14.974680 333.933 761.3  -0.1   0.1 -0.01  0.06 2001-04-02T11:11:06Z
01 R 2001-04-01T09:44:27Z 2001-04-16T09:44:27Z 102.30 -63.89 14.974680 333.933 761.3  -0.1   0.1 -0.01  0.06 2001-04-02T11:11:06Z
01 R 2001-04-01T09:44:27Z 2001-04-16T09:44:27Z 102.30 -63.89 14.974680 333.933 761.3  -0.1   0.1 -0.01  0.06 2001-04-02T11:11:06Z
01 R 2001-04-01T09:44:27Z 2001-04-10T12:22:11Z 102.30 -63.89 14.974680 333.933 761.3  -0.1   0.1 -0.01  0.06 2001-04-11T06:44:46Z
01 R 2001-04-01T09:44:27Z 2001-04-10T12:22:11Z 102.30 -63.89 14.974680 333.933 761.3  -0.1   0.1 -0.01  0.06 2001-04-11T06:44:46Z
01 R 2001-04-18T07:34:15Z 2001-05-04T11:30:03Z  94.79 -72.18 14.971642 333.928 761.3  -0.1   0.1 -0.01  0.06 2001-04-20T09:35:33Z
01 R 2001-04-18T07:34:15Z 2001-05-04T11:30:03Z  94.79 -72.18 14.971642 333.928 761.3  -0.1   0.1 -0.01  0.06 2001-04-20T09:35:33Z
01 R 2001-04-18T07:34:15Z 2001-04-27T07:55:02Z  94.79 -72.18 14.971642 333.928 761.3  -0.1   0.1 -0.01  0.06 2001-04-27T08:52:01Z
01 R 2001-04-18T07:34:15Z 2001-04-27T07:55:02Z  94.79 -72.18 14.971642 333.928 761.3  -0.1   0.1 -0.01  0.06 2001-04-27T08:52:01Z
01 R 2001-04-18T07:34:15Z 2001-04-27T07:55:02Z  94.79 -72.18 14.971642 333.928 761.3  -0.1   0.1 -0.01  0.06 2001-04-27T08:52:01Z
01 R 2001-04-18T07:34:15Z 2001-04-27T07:55:02Z  94.79 -72.18 14.971642 333.928 761.3  -0.1   0.1 -0.01  0.06 2001-04-27T08:52:01Z
01 R 2001-04-18T07:34:15Z 2001-04-27T07:55:02Z  94.79 -72.18 14.971642 333.928 761.3  -0.1   0.1 -0.01  0.06 2001-04-27T08:52:01Z
01 R 2001-04-18T07:34:15Z 2001-04-27T07:55:02Z  94.79 -72.18 14.971642 333.928 761.3  -0.1   0.1 -0.01  0.06 2001-04-27T08:52:01Z
01 R 2001-04-27T07:55:02Z 2001-05-02T09:00:04Z  94.81 -72.22 14.970907 333.923 761.3  -0.1   0.1 -0.02  0.07 2001-05-02T09:51:31Z
01 R 2001-04-27T07:55:02Z 2001-05-02T09:00:04Z  94.81 -72.22 14.970907 333.923 761.3  -0.1   0.1 -0.02  0.07 2001-05-02T09:51:31Z
01 R 2001-04-27T07:55:02Z 2001-05-02T09:00:04Z  94.81 -72.22 14.970907 333.923 761.3  -0.1   0.1 -0.02  0.07 2001-05-02T09:51:31Z
