01 R 2001-09-20T00:00:01Z 2001-10-01T21:45:38Z  74.59 -67.09 14.913795 333.928 760.9  -0.1   0.1  0.00  0.06 2001-10-02T08:48:09Z
01 R 2001-10-01T21:45:38Z 2001-10-16T21:45:38Z  74.54 -67.09 14.912667 333.929 760.9  -0.1   0.1  0.00  0.06 2001-10-02T08:48:09Z
01 R 2001-10-01T21:45:38Z 2001-10-16T21:45:38Z  74.54 -67.09 14.912667 333.929 760.9  -0.1   0.1  0.00  0.06 2001-10-02T08:48:09Z
01 R 2001-10-01T21:45:38Z 2001-10-16T21:45:38Z  74.54 -67.09 14.912667 333.929 760.9  -0.1   0.1  0.00  0.06 2001-10-02T08:48:09Z
01 R 2001-10-01T21:45:38Z 2001-10-16T21:45:38Z  74.54 -67.09 14.912667 333.929 760.9  -0.1   0.1  0.00  0.06 2001-10-02T08:48:09Z
01 R 2001-10-01T21:45:38Z 2001-10-16T21:45:38Z  74.54 -67.09 14.912667 333.929 760.9  -0.1   0.1  0.00  0.06 2001-10-02T08:48:09Z
01 R 2001-10-01T21:45:38Z 2001-10-11T02:53:31Z  74.54 -67.09 14.912667 333.929 760.9  -0.1   0.1  0.00  0.06 2001-10-11T08:34:42Z
01 R 2001-10-01T21:45:38Z 2001-10-11T02:53:31Z  74.54 -67.09 14.912667 333.929 760.9  -0.1   0.1  0.00  0.06 2001-10-11T08:34:42Z
01 R 2001-10-01T21:45:38Z 2001-10-11T02:53:31Z  74.54 -67.09 14.912667 333.929 760.9  -0.1   0.1  0.00  0.06 2001-10-11T08:34:42Z
01 R 2001-10-01T21:45:38Z 2001-10-11T02:53:31Z  74.54 -67.09 14.912667 333.929 760.9  -0.1   0.1  0.00  0.06 2001-10-11T08:34:42Z
01 R 2001-10-01T21:45:38Z 2001-10-11T02:53:31Z  74.54 -67.09 14.912667 333.929 760.9  -0.1   0.1  0.00  0.06 2001-10-11T08:34:42Z
01 R 2001-10-01T21:45:38Z 2001-10-11T02:53:31Z  74.54 -67.09 14.912667 333.929 760.9  -0.1   0.1  0.00  0.06 2001-10-11T08:34:42Z
01 R 2001-10-11T02:53:31Z 2001-10-26T02:53:31Z  74.51 -67.08 14.911915 333.931 760.9  -0.1   0.1  0.00  0.06 2001-10-11T08:34:42Z
01 R 2001-10-11T02:53:31Z 2001-10-15T19:32:03Z  74.51 -67.08 14.911915 333.931 760.9  -0.1   0.1  0.00  0.06 2001-10-17T08:21:28Z
01 R 2001-10-11T02:53:31Z 2001-10-15T19:32:03Z  74.51 -67.08 14.911915 333.931 760.9  -0.1   0.1  0.00  0.06 2001-10-17T08:21:28Z
01 R 2001-10-11T02:53:31Z 2001-10-15T19:32:03Z  74.51 -67.08 14.911915 333.931 760.9  -0.1   0.1  0.00  0.06 2001-10-17T08:21:28Z
01 R 2001-10-11T02:53:31Z 2001-10-15T19:32:03Z  74.51 -67.08 14.911915 333.931 760.9  -0.1   0.1  0.00  0.06 2001-10-17T08:21:28Z
01 R 2001-10-15T19:32:03Z 2001-10-30T19:32:03Z  74.48 -67.08 14.911455 333.928 760.9  -0.1   0.1  0.00  0.06 2001-10-17T08:21:28Z
01 R 2001-10-15T19:32:03Z 2001-10-30T19:32:03Z  74.48 -67.08 14.911455 333.928 760.9  -0.1   0.1  0.00  0.06 2001-10-17T08:21:28Z
01 R 2001-10-15T19:32:03Z 2001-10-30T19:32:03Z  74.48 -67.08 14.911455 333.928 760.9  -0.1   0.1  0.00  0.06 2001-10-17T08:21:28Z
01 R 2001-10-15T19:32:03Z 2001-10-30T19:32:03Z  74.48 -67.08 14.911455 333.928 760.9  -0.1   0.1  0.00  0.06 2001-10-17T08:21:28Z
01 R 2001-10-15T19:32:03Z 2001-10-30T19:32:03Z  74.48 -67.08 14.911455 333.928 760.9  -0.1   0.1  0.00  0.06 2001-10-17T08:21:28Z
01 R 2001-10-15T19:32:03Z 2001-10-22T21:45:00Z  74.48 -67.08 14.911455 333.928 760.9  -0.1   0.1  0.00  0.06 2001-10-25T08:15:22Z
01 R 2001-10-15T19:32:03Z 2001-10-22T21:45:00Z  74.48 -67.08 14.911455 333.928 760.9  -0.1   0.1  0.00  0.06 2001-10-25T08:15:22Z
01 R 2001-10-15T19:32:03Z 2001-10-22T21:45:00Z  74.48 -67.08 14.911455 333.928 760.9  -0.1   0.1  0.00  0.06 2001-10-25T08:15:22Z
01 R 2001-10-22T21:49:16Z 2001-11-09T02:42:40Z  88.55 -60.58 14.909864 333.923 760.8  -0.1   0.1 -0.01  0.06 2001-10-25T08:15:22Z
01 R 2001-10-22T21:49:16Z 2001-11-09T02:42:40Z  88.55 -60.58 14.909864 333.923 760.8  -0.1   0.1 -0.01  0.06 2001-10-25T08:15:22Z
01 R 2001-10-22T21:49:16Z 2001-11-09T02:42:40Z  88.55 -60.58 14.909864 333.923 760.8  -0.1   0.1 -0.01  0.06 2001-10-25T08:15:22Z
01 R 2001-10-22T21:49:16Z 2001-11-09T02:42:40Z  88.55 -60.58 14.909864 333.923 760.8  -0.1   0.1 -0.01  0.06 2001-10-25T08:15:22Z
01 R 2001-10-22T21:49:16Z 2001-10-30T20:48:01Z  88.55 -60.58 14.909864 333.923 760.8  -0.1   0.1 -0.01  0.06 2001-10-31T09:01:11Z
01 R 2001-10-22T21:49:16Z 2001-10-30T20:48:01Z  88.55 -60.58 14.909864 333.923 760.8  -0.1   0.1 -0.01  0.06 2001-10-31T09:01:11Z
01 R 2001-10-22T21:49:16Z 2001-10-30T20:48:01Z  88.55 -60.58 14.909864 333.923 760.8  -0.1   0.1 -0.01  0.06 2001-10-31T09:01:11Z
01 R 2001-10-22T21:49:16Z 2001-10-30T20:48:01Z  88.55 -60.58 14.909864 333.923 760.8  -0.1   0.1 -0.01  0.06 2001-10-31T09:01:11Z
01 R 2001-10-22T21:49:16Z 2001-10-30T20:48:01Z  88.55 -60.58 14.909864 333.923 760.8  -0.1   0.1 -0.01  0.06 2001-10-31T09:01:11Z
01 R 2001-10-30T20:48:01Z 2001-11-14T20:48:01Z  88.53 -60.58 14.909215 333.924 760.8  -0.1   0.1 -0.01  0.06 2001-10-31T09:01:11Z
01 R 2001-10-30T20:48:01Z 2001-11-14T20:48:01Z  88.53 -60.58 14.909215 333.924 760.8  -0.1   0.1 -0.01  0.06 2001-10-31T09:01:11Z
