01 R 2001-05-29T18:48:00Z 2001-06-01T07:00:00Z  94.78 -72.29 14.927447 333.930 760.9  -0.1   0.1 -0.02  0.07 2001-06-01T12:38:22Z
01 R 2001-06-01T07:00:00Z 2001-06-03T16:00:03Z  94.77 -72.29 14.927238 333.927 760.9  -0.1   0.1 -0.03  0.07 2001-06-04T09:28:54Z
01 R 2001-06-01T07:00:00Z 2001-06-03T16:00:03Z  94.77 -72.29 14.927238 333.927 760.9  -0.1   0.1 -0.03  0.07 2001-06-04T09:28:54Z
01 R 2001-06-01T07:00:00Z 2001-06-03T16:00:03Z  94.77 -72.29 14.927238 333.927 760.9  -0.1   0.1 -0.03  0.07 2001-06-04T09:28:54Z
01 R 2001-06-03T16:00:03Z 2001-06-07T05:48:50Z  94.77 -72.30 14.926887 333.927 760.9  -0.1   0.1 -0.03  0.07 2001-06-07T07:07:52Z
01 R 2001-06-03T16:00:03Z 2001-06-07T05:48:50Z  94.77 -72.30 14.926887 333.927 760.9  -0.1   0.1 -0.03  0.07 2001-06-07T07:07:52Z
01 R 2001-06-03T16:00:03Z 2001-06-07T05:48:50Z  94.77 -72.30 14.926887 333.927 760.9  -0.1   0.1 -0.03  0.07 2001-06-07T07:07:52Z
01 R 2001-06-03T16:00:03Z 2001-06-07T05:48:50Z  94.77 -72.30 14.926887 333.927 760.9  -0.1   0.1 -0.03  0.07 2001-06-07T07:07:52Z
01 R 2001-06-03T16:00:03Z 2001-06-07T05:48:50Z  94.77 -72.30 14.926887 333.927 760.9  -0.1   0.1 -0.03  0.07 2001-06-07T07:07:52Z
01 R 2001-06-07T05:48:50Z 2001-06-11T11:37:42Z  94.70 -72.27 14.926889 333.930 760.9  -0.1   0.1 -0.02  0.06 2001-06-11T13:55:58Z
01 R 2001-06-07T05:48:50Z 2001-06-11T11:37:42Z  94.70 -72.27 14.926889 333.930 760.9  -0.1   0.1 -0.02  0.06 2001-06-11T13:55:58Z
01 R 2001-06-07T05:48:50Z 2001-06-11T11:37:42Z  94.70 -72.27 14.926889 333.930 760.9  -0.1   0.1 -0.02  0.06 2001-06-11T13:55:58Z
01 R 2001-06-07T05:48:50Z 2001-06-11T11:37:42Z  94.70 -72.27 14.926889 333.930 760.9  -0.1   0.1 -0.02  0.06 2001-06-11T13:55:58Z
01 R 2001-06-07T05:48:50Z 2001-06-11T11:37:42Z  94.70 -72.27 14.926889 333.930 760.9  -0.1   0.1 -0.02  0.06 2001-06-11T13:55:58Z
01 R 2001-06-11T11:37:42Z 2001-06-26T11:37:42Z  94.67 -72.28 14.926390 333.928 760.9  -0.1   0.1 -0.02  0.06 2001-06-11T13:55:58Z
01 R 2001-06-11T11:37:42Z 2001-06-19T06:20:01Z  94.67 -72.28 14.926390 333.928 760.9  -0.1   0.1 -0.02  0.06 2001-06-19T07:10:40Z
01 R 2001-06-11T11:37:42Z 2001-06-19T06:20:01Z  94.67 -72.28 14.926390 333.928 760.9  -0.1   0.1 -0.02  0.06 2001-06-19T07:10:40Z
01 R 2001-06-11T11:37:42Z 2001-06-19T06:20:01Z  94.67 -72.28 14.926390 333.928 760.9  -0.1   0.1 -0.02  0.06 2001-06-19T07:10:40Z
01 R 2001-06-11T11:37:42Z 2001-06-19T06:20:01Z  94.67 -72.28 14.926390 333.928 760.9  -0.1   0.1 -0.02  0.06 2001-06-19T07:10:40Z
01 R 2001-06-11T11:37:42Z 2001-06-19T06:20:01Z  94.67 -72.28 14.926390 333.928 760.9  -0.1   0.1 -0.02  0.06 2001-06-19T07:10:40Z
01 R 2001-06-11T11:37:42Z 2001-06-19T06:20:01Z  94.67 -72.28 14.926390 333.928 760.9  -0.1   0.1 -0.02  0.06 2001-06-19T07:10:40Z
01 R 2001-06-11T11:37:42Z 2001-06-19T06:20:01Z  94.67 -72.28 14.926390 333.928 760.9  -0.1   0.1 -0.02  0.06 2001-06-19T07:10:40Z
01 R 2001-06-11T11:37:42Z 2001-06-19T06:20:01Z  94.67 -72.28 14.926390 333.928 760.9  -0.1   0.1 -0.02  0.06 2001-06-19T07:10:40Z
01 R 2001-06-19T06:20:01Z 2001-07-04T06:20:01Z  94.62 -72.28 14.925923 333.931 760.9  -0.1   0.1 -0.02  0.06 2001-06-19T07:10:40Z
01 R 2001-06-19T06:20:01Z 2001-07-04T06:20:01Z  94.62 -72.28 14.925923 333.931 760.9  -0.1   0.1 -0.02  0.06 2001-06-19T07:10:40Z
01 R 2001-06-19T06:20:01Z 2001-06-26T04:07:10Z  94.62 -72.28 14.925923 333.931 760.9  -0.1   0.1 -0.02  0.06 2001-06-26T12:22:03Z
01 R 2001-06-19T06:20:01Z 2001-06-26T04:07:10Z  94.62 -72.28 14.925923 333.931 760.9  -0.1   0.1 -0.02  0.06 2001-06-26T12:22:03Z
01 R 2001-06-19T06:20:01Z 2001-06-26T04:07:10Z  94.62 -72.28 14.925923 333.931 760.9  -0.1   0.1 -0.02  0.06 2001-06-26T12:22:03Z
01 R 2001-06-19T06:20:01Z 2001-06-26T04:07:10Z  94.62 -72.28 14.925923 333.931 760.9  -0.1   0.1 -0.02  0.06 2001-06-26T12:22:03Z
01 R 2001-06-19T06:20:01Z 2001-06-26T04:07:10Z  94.62 -72.28 14.925923 333.931 760.9  -0.1   0.1 -0.02  0.06 2001-06-26T12:22:03Z
01 R 2001-06-19T06:20:01Z 2001-06-26T04:07:10Z  94.62 -72.28 14.925923 333.931 760.9  -0.1   0.1 -0.02  0.06 2001-06-26T12:22:03Z
01 R 2001-06-26T04:07:10Z 2001-07-11T04:07:10Z  94.57 -72.28 14.925265 333.932 760.9  -0.1   0.1 -0.03  0.06 2001-06-26T12:22:03Z
01 R 2001-06-26T04:07:10Z 2001-07-11T04:07:10Z  94.57 -72.28 14.925265 333.932 760.9  -0.1   0.1 -0.03  0.06 2001-06-26T12:22:03Z
01 R 2001-06-26T04:07:10Z 2001-07-11T04:07:10Z  94.57 -72.28 14.925265 333.932 760.9  -0.1   0.1 -0.03  0.06 2001-06-26T12:22:03Z
01 R 2001-06-26T04:07:10Z 2001-07-11T04:07:10Z  94.57 -72.28 14.925265 333.932 760.9  -0.1   0.1 -0.03  0.06 2001-06-26T12:22:03Z
01 R 2001-06-26T04:07:10Z 2001-07-11T04:07:10Z  94.57 -72.28 14.925265 333.932 760.9  -0.1   0.1 -0.03  0.06 2001-06-26T12:22:03Z
