01 R 2001-07-27T04:30:01Z 2001-08-06T02:55:48Z  74.83 -67.11 14.920928 333.922 760.9  -0.1   0.1 -0.01  0.05 2001-08-06T13:31:57Z
01 R 2001-07-27T04:30:01Z 2001-08-06T02:55:48Z  74.83 -67.11 14.920928 333.922 760.9  -0.1   0.1 -0.01  0.05 2001-08-06T13:31:57Z
01 R 2001-07-27T04:30:01Z 2001-08-06T02:55:48Z  74.83 -67.11 14.920928 333.922 760.9  -0.1   0.1 -0.01  0.05 2001-08-06T13:31:57Z
01 R 2001-07-27T04:30:01Z 2001-08-06T02:55:48Z  74.83 -67.11 14.920928 333.922 760.9  -0.1   0.1 -0.01  0.05 2001-08-06T13:31:57Z
01 R 2001-07-27T04:30:01Z 2001-08-06T02:55:48Z  74.83 -67.11 14.920928 333.922 760.9  -0.1   0.1 -0.01  0.05 2001-08-06T13:31:57Z
01 R 2001-07-27T04:30:01Z 2001-08-06T02:55:48Z  74.83 -67.11 14.920928 333.922 760.9  -0.1   0.1 -0.01  0.05 2001-08-06T13:31:57Z
01 R 2001-08-06T02:55:48Z 2001-08-21T02:55:48Z  74.77 -67.10 14.920056 333.926 760.9  -0.1   0.1 -0.01  0.06 2001-08-06T13:31:57Z
01 R 2001-08-06T02:55:48Z 2001-08-21T02:55:48Z  74.77 -67.10 14.920056 333.926 760.9  -0.1   0.1 -0.01  0.06 2001-08-06T13:31:57Z
01 R 2001-08-06T02:55:48Z 2001-08-21T02:55:48Z  74.77 -67.10 14.920056 333.926 760.9  -0.1   0.1 -0.01  0.06 2001-08-06T13:31:57Z
01 R 2001-08-06T02:55:48Z 2001-08-21T02:55:48Z  74.77 -67.10 14.920056 333.926 760.9  -0.1   0.1 -0.01  0.06 2001-08-06T13:31:57Z
01 R 2001-08-06T02:55:48Z 2001-08-21T02:55:48Z  74.77 -67.10 14.920056 333.926 760.9  -0.1   0.1 -0.01  0.06 2001-08-06T13:31:57Z
01 R 2001-08-06T02:55:48Z 2001-08-21T02:55:48Z  74.77 -67.10 14.920056 333.926 760.9  -0.1   0.1 -0.01  0.06 2001-08-06T13:31:57Z
01 R 2001-08-06T02:55:48Z 2001-08-21T02:55:48Z  74.77 -67.10 14.920056 333.926 760.9  -0.1   0.1 -0.01  0.06 2001-08-06T13:31:57Z
01 R 2001-08-06T02:55:48Z 2001-08-21T02:55:48Z  74.77 -67.10 14.920056 333.926 760.9  -0.1   0.1 -0.01  0.06 2001-08-06T13:31:57Z
01 R 2001-08-06T02:55:48Z 2001-08-21T02:55:48Z  74.77 -67.10 14.920056 333.926 760.9  -0.1   0.1 -0.01  0.06 2001-08-06T13:31:57Z
01 R 2001-08-06T02:55:48Z 2001-08-20T02:50:01Z  74.77 -67.10 14.920056 333.926 760.9  -0.1   0.1 -0.01  0.06 2001-08-20T07:01:08Z
01 R 2001-08-06T02:55:48Z 2001-08-20T02:50:01Z  74.77 -67.10 14.920056 333.926 760.9  -0.1   0.1 -0.01  0.06 2001-08-20T07:01:08Z
01 R 2001-08-06T02:55:48Z 2001-08-20T02:50:01Z  74.77 -67.10 14.920056 333.926 760.9  -0.1   0.1 -0.01  0.06 2001-08-20T07:01:08Z
01 R 2001-08-06T02:55:48Z 2001-08-20T02:50:01Z  74.77 -67.10 14.920056 333.926 760.9  -0.1   0.1 -0.01  0.06 2001-08-20T07:01:08Z
01 R 2001-08-06T02:55:48Z 2001-08-20T02:50:01Z  74.77 -67.10 14.920056 333.926 760.9  -0.1   0.1 -0.01  0.06 2001-08-20T07:01:08Z
01 R 2001-08-06T02:55:48Z 2001-08-20T02:50:01Z  74.77 -67.10 14.920056 333.926 760.9  -0.1   0.1 -0.01  0.06 2001-08-20T07:01:08Z
01 R 2001-08-20T02:50:01Z 2001-09-04T02:50:01Z  74.72 -67.10 14.918857 333.928 760.9  -0.1   0.1 -0.01  0.06 2001-08-20T07:01:08Z
01 R 2001-08-20T02:50:01Z 2001-09-04T02:50:01Z  74.72 -67.10 14.918857 333.928 760.9  -0.1   0.1 -0.01  0.06 2001-08-20T07:01:08Z
01 R 2001-08-20T02:50:01Z 2001-09-04T02:50:01Z  74.72 -67.10 14.918857 333.928 760.9  -0.1   0.1 -0.01  0.06 2001-08-20T07:01:08Z
01 R 2001-08-20T02:50:01Z 2001-09-04T02:50:01Z  74.72 -67.10 14.918857 333.928 760.9  -0.1   0.1 -0.01  0.06 2001-08-20T07:01:08Z
01 R 2001-08-20T02:50:01Z 2001-09-04T02:50:01Z  74.72 -67.10 14.918857 333.928 760.9  -0.1   0.1 -0.01  0.06 2001-08-20T07:01:08Z
01 R 2001-08-20T02:50:01Z 2001-08-30T00:40:48Z  74.72 -67.10 14.918857 333.928 760.9  -0.1   0.1 -0.01  0.06 2001-08-30T06:57:42Z
01 R 2001-08-20T02:50:01Z 2001-08-30T00:40:48Z  74.72 -67.10 14.918857 333.928 760.9  -0.1   0.1 -0.01  0.06 2001-08-30T06:57:42Z
01 R 2001-08-20T02:50:01Z 2001-08-30T00:40:48Z  74.72 -67.10 14.918857 333.928 760.9  -0.1   0.1 -0.01  0.06 2001-08-30T06:57:42Z
01 R 2001-08-20T02:50:01Z 2001-08-30T00:40:48Z  74.72 -67.10 14.918857 333.928 760.9  -0.1   0.1 -0.01  0.06 2001-08-30T06:57:42Z
01 R 2001-08-20T02:50:01Z 2001-08-30T00:40:48Z  74.72 -67.10 14.918857 333.928 760.9  -0.1   0.1 -0.01  0.06 2001-08-30T06:57:42Z
01 R 2001-08-20T02:50:01Z 2001-08-30T00:40:48Z  74.72 -67.10 14.918857 333.928 760.9  -0.1   0.1 -0.01  0.06 2001-08-30T06:57:42Z
01 R 2001-08-30T00:40:48Z 2001-09-02T07:00:03Z  74.66 -67.09 14.917943 333.929 760.9  -0.1   0.1 -0.01  0.06 2001-09-04T08:18:04Z
01 R 2001-08-30T00:40:48Z 2001-09-02T07:00:03Z  74.66 -67.09 14.917943 333.929 760.9  -0.1   0.1 -0.01  0.06 2001-09-04T08:18:04Z
