01 R 2001-06-26T04:07:10Z 2001-07-05T08:00:02Z  94.57 -72.28 14.925265 333.932 760.9  -0.1   0.1 -0.03  0.06 2001-07-06T08:07:10Z
01 R 2001-06-26T04:07:10Z 2001-07-05T08:00:02Z  94.57 -72.28 14.925265 333.932 760.9  -0.1   0.1 -0.03  0.06 2001-07-06T08:07:10Z
01 R 2001-06-26T04:07:10Z 2001-07-05T08:00:02Z  94.57 -72.28 14.925265 333.932 760.9  -0.1   0.1 -0.03  0.06 2001-07-06T08:07:10Z
01 R 2001-06-26T04:07:10Z 2001-07-05T08:00:02Z  94.57 -72.28 14.925265 333.932 760.9  -0.1   0.1 -0.03  0.06 2001-07-06T08:07:10Z
01 R 2001-06-26T04:07:10Z 2001-07-05T08:00:02Z  94.57 -72.28 14.925265 333.932 760.9  -0.1   0.1 -0.03  0.06 2001-07-06T08:07:10Z
01 R 2001-07-05T08:00:02Z 2001-07-20T08:00:02Z  94.52 -72.29 14.924357 333.931 760.9  -0.1   0.1 -0.03  0.06 2001-07-06T08:07:10Z
01 R 2001-07-05T08:00:02Z 2001-07-20T08:00:02Z  94.52 -72.29 14.924357 333.931 760.9  -0.1   0.1 -0.03  0.06 2001-07-06T08:07:10Z
01 R 2001-07-05T08:00:02Z 2001-07-20T08:00:02Z  94.52 -72.29 14.924357 333.931 760.9  -0.1   0.1 -0.03  0.06 2001-07-06T08:07:10Z
01 R 2001-07-05T08:00:02Z 2001-07-13T03:00:49Z  94.52 -72.29 14.924357 333.931 760.9  -0.1   0.1 -0.03  0.06 2001-07-13T07:35:04Z
01 R 2001-07-05T08:00:02Z 2001-07-13T03:00:49Z  94.52 -72.29 14.924357 333.931 760.9  -0.1   0.1 -0.03  0.06 2001-07-13T07:35:04Z
01 R 2001-07-05T08:00:02Z 2001-07-13T03:00:49Z  94.52 -72.29 14.924357 333.931 760.9  -0.1   0.1 -0.03  0.06 2001-07-13T07:35:04Z
01 R 2001-07-05T08:00:02Z 2001-07-13T03:00:49Z  94.52 -72.29 14.924357 333.931 760.9  -0.1   0.1 -0.03  0.06 2001-07-13T07:35:04Z
01 R 2001-07-05T08:00:02Z 2001-07-13T03:00:49Z  94.52 -72.29 14.924357 333.931 760.9  -0.1   0.1 -0.03  0.06 2001-07-13T07:35:04Z
01 R 2001-07-05T08:00:02Z 2001-07-13T03:00:49Z  94.52 -72.29 14.924357 333.931 760.9  -0.1   0.1 -0.03  0.06 2001-07-13T07:35:04Z
01 R 2001-07-13T03:00:49Z 2001-07-17T07:15:00Z  94.52 -72.29 14.923845 333.931 760.9  -0.1   0.1 -0.02  0.06 2001-07-18T06:48:37Z
01 R 2001-07-13T03:00:49Z 2001-07-17T07:15:00Z  94.52 -72.29 14.923845 333.931 760.9  -0.1   0.1 -0.02  0.06 2001-07-18T06:48:37Z
01 R 2001-07-13T03:00:49Z 2001-07-17T07:15:00Z  94.52 -72.29 14.923845 333.931 760.9  -0.1   0.1 -0.02  0.06 2001-07-18T06:48:37Z
01 R 2001-07-13T03:00:49Z 2001-07-17T07:15:00Z  94.52 -72.29 14.923845 333.931 760.9  -0.1   0.1 -0.02  0.06 2001-07-18T06:48:37Z
01 R 2001-07-13T03:00:49Z 2001-07-17T07:15:00Z  94.52 -72.29 14.923845 333.931 760.9  -0.1   0.1 -0.02  0.06 2001-07-18T06:48:37Z
01 R 2001-07-17T07:19:07Z 2001-07-19T02:45:53Z  74.76 -67.10 14.922045 333.929 760.9  -0.1   0.1 -0.03  0.08 2001-07-19T10:33:52Z
01 R 2001-07-17T07:19:07Z 2001-07-19T02:45:53Z  74.76 -67.10 14.922045 333.929 760.9  -0.1   0.1 -0.03  0.08 2001-07-19T10:33:52Z
01 R 2001-07-17T07:19:07Z 2001-07-19T02:45:53Z  74.76 -67.10 14.922045 333.929 760.9  -0.1   0.1 -0.03  0.08 2001-07-19T10:33:52Z
01 R 2001-07-19T02:45:53Z 2001-07-21T03:14:46Z  74.85 -67.10 14.921979 333.922 760.9  -0.1   0.1 -0.01  0.06 2001-07-23T12:40:36Z
01 R 2001-07-19T02:45:53Z 2001-07-21T03:14:46Z  74.85 -67.10 14.921979 333.922 760.9  -0.1   0.1 -0.01  0.06 2001-07-23T12:40:36Z
01 R 2001-07-19T02:45:53Z 2001-07-21T03:14:46Z  74.85 -67.10 14.921979 333.922 760.9  -0.1   0.1 -0.01  0.06 2001-07-23T12:40:36Z
01 R 2001-07-21T03:14:50Z 2001-08-06T07:50:04Z  74.83 -67.11 14.921427 333.921 760.9  -0.1   0.1 -0.01  0.06 2001-07-23T12:40:36Z
01 R 2001-07-21T03:14:50Z 2001-07-27T04:30:01Z  74.83 -67.11 14.921427 333.921 760.9  -0.1   0.1 -0.01  0.06 2001-07-27T12:45:51Z
01 R 2001-07-21T03:14:50Z 2001-07-27T04:30:01Z  74.83 -67.11 14.921427 333.921 760.9  -0.1   0.1 -0.01  0.06 2001-07-27T12:45:51Z
01 R 2001-07-21T03:14:50Z 2001-07-27T04:30:01Z  74.83 -67.11 14.921427 333.921 760.9  -0.1   0.1 -0.01  0.06 2001-07-27T12:45:51Z
01 R 2001-07-21T03:14:50Z 2001-07-27T04:30:01Z  74.83 -67.11 14.921427 333.921 760.9  -0.1   0.1 -0.01  0.06 2001-07-27T12:45:51Z
01 R 2001-07-21T03:14:50Z 2001-07-27T04:30:01Z  74.83 -67.11 14.921427 333.921 760.9  -0.1   0.1 -0.01  0.06 2001-07-27T12:45:51Z
01 R 2001-07-21T03:14:50Z 2001-07-27T04:30:01Z  74.83 -67.11 14.921427 333.921 760.9  -0.1   0.1 -0.01  0.06 2001-07-27T12:45:51Z
01 R 2001-07-27T04:30:01Z 2001-08-11T04:30:01Z  74.83 -67.11 14.920928 333.922 760.9  -0.1   0.1 -0.01  0.05 2001-07-27T12:45:51Z
01 R 2001-07-27T04:30:01Z 2001-08-11T04:30:01Z  74.83 -67.11 14.920928 333.922 760.9  -0.1   0.1 -0.01  0.05 2001-07-27T12:45:51Z
01 R 2001-07-27T04:30:01Z 2001-08-11T04:30:01Z  74.83 -67.11 14.920928 333.922 760.9  -0.1   0.1 -0.01  0.05 2001-07-27T12:45:51Z
01 R 2001-07-27T04:30:01Z 2001-08-11T04:30:01Z  74.83 -67.11 14.920928 333.922 760.9  -0.1   0.1 -0.01  0.05 2001-07-27T12:45:51Z
01 R 2001-07-27T04:30:01Z 2001-08-11T04:30:01Z  74.83 -67.11 14.920928 333.922 760.9  -0.1   0.1 -0.01  0.05 2001-07-27T12:45:51Z
