01 R 2001-02-22T12:13:01Z 2001-03-06T11:26:07Z 102.58 -63.91 14.981372 333.929 761.3  -0.1   0.1  0.00  0.07 2001-03-06T15:58:08Z
01 R 2001-02-22T12:13:01Z 2001-03-06T11:26:07Z 102.58 -63.91 14.981372 333.929 761.3  -0.1   0.1  0.00  0.07 2001-03-06T15:58:08Z
01 R 2001-02-22T12:13:01Z 2001-03-06T11:26:07Z 102.58 -63.91 14.981372 333.929 761.3  -0.1   0.1  0.00  0.07 2001-03-06T15:58:08Z
01 R 2001-02-22T12:13:01Z 2001-03-06T11:26:07Z 102.58 -63.91 14.981372 333.929 761.3  -0.1   0.1  0.00  0.07 2001-03-06T15:58:08Z
01 R 2001-02-22T12:13:01Z 2001-03-06T11:26:07Z 102.58 -63.91 14.981372 333.929 761.3  -0.1   0.1  0.00  0.07 2001-03-06T15:58:08Z
01 R 2001-02-22T12:13:01Z 2001-03-06T11:26:07Z 102.58 -63.91 14.981372 333.929 761.3  -0.1   0.1  0.00  0.07 2001-03-06T15:58:08Z
01 R 2001-03-06T11:26:07Z 2001-03-21T11:26:07Z 102.53 -63.93 14.977837 333.929 761.3  -0.1   0.1 -0.01  0.07 2001-03-06T15:58:08Z
01 R 2001-03-06T11:26:07Z 2001-03-21T11:26:07Z 102.53 -63.93 14.977837 333.929 761.3  -0.1   0.1 -0.01  0.07 2001-03-06T15:58:08Z
01 R 2001-03-06T11:26:07Z 2001-03-21T11:26:07Z 102.53 -63.93 14.977837 333.929 761.3  -0.1   0.1 -0.01  0.07 2001-03-06T15:58:08Z
01 R 2001-03-06T11:26:07Z 2001-03-21T11:26:07Z 102.53 -63.93 14.977837 333.929 761.3  -0.1   0.1 -0.01  0.07 2001-03-06T15:58:08Z
01 R 2001-03-06T11:26:07Z 2001-03-21T11:26:07Z 102.53 -63.93 14.977837 333.929 761.3  -0.1   0.1 -0.01  0.07 2001-03-06T15:58:08Z
01 R 2001-03-06T11:26:07Z 2001-03-21T11:26:07Z 102.53 -63.93 14.977837 333.929 761.3  -0.1   0.1 -0.01  0.07 2001-03-06T15:58:08Z
01 R 2001-03-06T11:26:07Z 2001-03-21T11:26:07Z 102.53 -63.93 14.977837 333.929 761.3  -0.1   0.1 -0.01  0.07 2001-03-06T15:58:08Z
01 R 2001-03-06T11:26:07Z 2001-03-21T11:26:07Z 102.53 -63.93 14.977837 333.929 761.3  -0.1   0.1 -0.01  0.07 2001-03-06T15:58:08Z
01 R 2001-03-06T11:26:07Z 2001-03-18T12:50:02Z 102.53 -63.93 14.977837 333.929 761.3  -0.1   0.1 -0.01  0.07 2001-03-19T09:47:36Z
01 R 2001-03-06T11:26:07Z 2001-03-18T12:50:02Z 102.53 -63.93 14.977837 333.929 761.3  -0.1   0.1 -0.01  0.07 2001-03-19T09:47:36Z
01 R 2001-03-06T11:26:07Z 2001-03-18T12:50:02Z 102.53 -63.93 14.977837 333.929 761.3  -0.1   0.1 -0.01  0.07 2001-03-19T09:47:36Z
01 R 2001-03-06T11:26:07Z 2001-03-18T12:50:02Z 102.53 -63.93 14.977837 333.929 761.3  -0.1   0.1 -0.01  0.07 2001-03-19T09:47:36Z
01 R 2001-03-06T11:26:07Z 2001-03-18T12:50:02Z 102.53 -63.93 14.977837 333.929 761.3  -0.1   0.1 -0.01  0.07 2001-03-19T09:47:36Z
01 R 2001-03-18T12:50:02Z 2001-04-02T12:50:02Z 102.49 -63.95 14.976073 333.928 761.3  -0.1   0.1 -0.01  0.08 2001-03-19T09:47:36Z
01 R 2001-03-18T12:50:02Z 2001-04-02T12:50:02Z 102.49 -63.95 14.976073 333.928 761.3  -0.1   0.1 -0.01  0.08 2001-03-19T09:47:36Z
01 R 2001-03-18T12:50:02Z 2001-04-02T12:50:02Z 102.49 -63.95 14.976073 333.928 761.3  -0.1   0.1 -0.01  0.08 2001-03-19T09:47:36Z
01 R 2001-03-18T12:50:02Z 2001-04-02T12:50:02Z 102.49 -63.95 14.976073 333.928 761.3  -0.1   0.1 -0.01  0.08 2001-03-19T09:47:36Z
01 R 2001-03-18T12:50:02Z 2001-04-02T12:50:02Z 102.49 -63.95 14.976073 333.928 761.3  -0.1   0.1 -0.01  0.08 2001-03-19T09:47:36Z
01 R 2001-03-18T12:50:02Z 2001-04-02T12:50:02Z 102.49 -63.95 14.976073 333.928 761.3  -0.1   0.1 -0.01  0.08 2001-03-19T09:47:36Z
01 R 2001-03-18T12:50:02Z 2001-04-02T12:50:02Z 102.49 -63.95 14.976073 333.928 761.3  -0.1   0.1 -0.01  0.08 2001-03-19T09:47:36Z
01 R 2001-03-18T12:50:02Z 2001-04-02T12:50:02Z 102.49 -63.95 14.976073 333.928 761.3  -0.1   0.1 -0.01  0.08 2001-03-19T09:47:36Z
01 R 2001-03-18T12:50:02Z 2001-04-02T12:50:02Z 102.49 -63.95 14.976073 333.928 761.3  -0.1   0.1 -0.01  0.08 2001-03-19T09:47:36Z
01 R 2001-03-18T12:50:02Z 2001-04-02T12:50:02Z 102.49 -63.95 14.976073 333.928 761.3  -0.1   0.1 -0.01  0.08 2001-03-19T09:47:36Z
01 R 2001-03-18T12:50:02Z 2001-04-01T09:44:27Z 102.49 -63.95 14.976073 333.928 761.3  -0.1   0.1 -0.01  0.08 2001-04-02T11:11:06Z
01 R 2001-03-18T12:50:02Z 2001-04-01T09:44:27Z 102.49 -63.95 14.976073 333.928 761.3  -0.1   0.1 -0.01  0.08 2001-04-02T11:11:06Z
01 R 2001-03-18T12:50:02Z 2001-04-01T09:44:27Z 102.49 -63.95 14.976073 333.928 761.3  -0.1   0.1 -0.01  0.08 2001-04-02T11:11:06Z
01 R 2001-03-18T12:50:02Z 2001-04-01T09:44:27Z 102.49 -63.95 14.976073 333.928 761.3  -0.1   0.1 -0.01  0.08 2001-04-02T11:11:06Z
