01 R 2001-11-29T23:40:01Z 2001-12-14T23:40:01Z  88.45 -60.60 14.906143 333.928 760.8  -0.1   0.1 -0.01  0.05 2001-11-30T10:15:47Z
01 R 2001-11-29T23:40:01Z 2001-12-14T23:40:01Z  88.45 -60.60 14.906143 333.928 760.8  -0.1   0.1 -0.01  0.05 2001-11-30T10:15:47Z
01 R 2001-11-29T23:40:01Z 2001-12-14T23:40:01Z  88.45 -60.60 14.906143 333.928 760.8  -0.1   0.1 -0.01  0.05 2001-11-30T10:15:47Z
01 R 2001-11-29T23:40:01Z 2001-12-09T15:15:05Z  88.45 -60.60 14.906143 333.928 760.8  -0.1   0.1 -0.01  0.05 2001-12-09T15:38:26Z
01 R 2001-11-29T23:40:01Z 2001-12-09T15:15:05Z  88.45 -60.60 14.906143 333.928 760.8  -0.1   0.1 -0.01  0.05 2001-12-09T15:38:26Z
01 R 2001-11-29T23:40:01Z 2001-12-09T15:15:05Z  88.45 -60.60 14.906143 333.928 760.8  -0.1   0.1 -0.01  0.05 2001-12-09T15:38:26Z
01 R 2001-11-29T23:40:01Z 2001-12-09T15:15:05Z  88.45 -60.60 14.906143 333.928 760.8  -0.1   0.1 -0.01  0.05 2001-12-09T15:38:26Z
01 R 2001-11-29T23:40:01Z 2001-12-09T15:15:05Z  88.45 -60.60 14.906143 333.928 760.8  -0.1   0.1 -0.01  0.05 2001-12-09T15:38:26Z
01 R 2001-11-29T23:40:01Z 2001-12-09T15:15:05Z  88.45 -60.60 14.906143 333.928 760.8  -0.1   0.1 -0.01  0.05 2001-12-09T15:38:26Z
01 R 2001-12-09T15:15:05Z 2001-12-24T15:15:05Z  88.43 -60.60 14.905187 333.928 760.8  -0.1   0.1 -0.01  0.06 2001-12-09T15:38:26Z
01 R 2001-12-09T15:15:05Z 2001-12-24T15:15:05Z  88.43 -60.60 14.905187 333.928 760.8  -0.1   0.1 -0.01  0.06 2001-12-09T15:38:26Z
01 R 2001-12-09T15:15:05Z 2001-12-24T15:15:05Z  88.43 -60.60 14.905187 333.928 760.8  -0.1   0.1 -0.01  0.06 2001-12-09T15:38:26Z
01 R 2001-12-09T15:15:05Z 2001-12-24T15:15:05Z  88.43 -60.60 14.905187 333.928 760.8  -0.1   0.1 -0.01  0.06 2001-12-09T15:38:26Z
01 R 2001-12-09T15:15:05Z 2001-12-24T15:15:05Z  88.43 -60.60 14.905187 333.928 760.8  -0.1   0.1 -0.01  0.06 2001-12-09T15:38:26Z
01 R 2001-12-09T15:15:05Z 2001-12-18T06:40:05Z  88.43 -60.60 14.905187 333.928 760.8  -0.1   0.1 -0.01  0.06 2001-12-19T16:52:31Z
01 R 2001-12-09T15:15:05Z 2001-12-18T06:40:05Z  88.43 -60.60 14.905187 333.928 760.8  -0.1   0.1 -0.01  0.06 2001-12-19T16:52:31Z
01 R 2001-12-09T15:15:05Z 2001-12-18T06:40:05Z  88.43 -60.60 14.905187 333.928 760.8  -0.1   0.1 -0.01  0.06 2001-12-19T16:52:31Z
01 R 2001-12-09T15:15:05Z 2001-12-18T06:40:05Z  88.43 -60.60 14.905187 333.928 760.8  -0.1   0.1 -0.01  0.06 2001-12-19T16:52:31Z
01 R 2001-12-09T15:15:05Z 2001-12-18T06:40:05Z  88.43 -60.60 14.905187 333.928 760.8  -0.1   0.1 -0.01  0.06 2001-12-19T16:52:31Z
01 R 2001-12-18T06:40:05Z 2002-01-02T06:40:05Z  88.41 -60.60 14.904334 333.929 760.8  -0.1   0.1 -0.01  0.06 2001-12-19T16:52:31Z
01 R 2001-12-18T06:40:05Z 2002-01-02T06:40:05Z  88.41 -60.60 14.904334 333.929 760.8  -0.1   0.1 -0.01  0.06 2001-12-19T16:52:31Z
01 R 2001-12-18T06:40:05Z 2002-01-02T06:40:05Z  88.41 -60.60 14.904334 333.929 760.8  -0.1   0.1 -0.01  0.06 2001-12-19T16:52:31Z
01 R 2001-12-18T06:40:05Z 2002-01-02T06:40:05Z  88.41 -60.60 14.904334 333.929 760.8  -0.1   0.1 -0.01  0.06 2001-12-19T16:52:31Z
01 R 2001-12-18T06:40:05Z 2002-01-02T06:40:05Z  88.41 -60.60 14.904334 333.929 760.8  -0.1   0.1 -0.01  0.06 2001-12-19T16:52:31Z
01 R 2001-12-18T06:40:05Z 2002-01-02T06:40:05Z  88.41 -60.60 14.904334 333.929 760.8  -0.1   0.1 -0.01  0.06 2001-12-19T16:52:31Z
01 R 2001-12-18T06:40:05Z 2002-01-02T06:40:05Z  88.41 -60.60 14.904334 333.929 760.8  -0.1   0.1 -0.01  0.06 2001-12-19T16:52:31Z
01 R 2001-12-18T06:40:05Z 2002-01-02T06:40:05Z  88.41 -60.60 14.904334 333.929 760.8  -0.1   0.1 -0.01  0.06 2001-12-19T16:52:31Z
01 R 2001-12-18T06:40:05Z 2002-01-02T06:40:05Z  88.41 -60.60 14.904334 333.929 760.8  -0.1   0.1 -0.01  0.06 2001-12-19T16:52:31Z
01 R 2001-12-18T06:40:05Z 2002-01-01T09:50:02Z  88.41 -60.60 14.904334 333.929 760.8  -0.1   0.1 -0.01  0.06 2002-01-01T10:30:19Z
01 R 2001-12-18T06:40:05Z 2002-01-01T09:50:02Z  88.41 -60.60 14.904334 333.929 760.8  -0.1   0.1 -0.01  0.06 2002-01-01T10:30:19Z
01 R 2001-12-18T06:40:05Z 2002-01-01T09:50:02Z  88.41 -60.60 14.904334 333.929 760.8  -0.1   0.1 -0.01  0.06 2002-01-01T10:30:19Z
01 R 2001-12-18T06:40:05Z 2002-01-01T09:50:02Z  88.41 -60.60 14.904334 333.929 760.8  -0.1   0.1 -0.01  0.06 2002-01-01T10:30:19Z
01 R 2001-12-18T06:40:05Z 2002-01-01T09:50:02Z  88.41 -60.60 14.904334 333.929 760.8  -0.1   0.1 -0.01  0.06 2002-01-01T10:30:19Z
