01 R 2001-04-27T07:55:02Z 2001-05-02T09:00:04Z  94.81 -72.22 14.970907 333.923 761.3  -0.1   0.1 -0.02  0.07 2001-05-02T09:51:31Z
01 R 2001-04-27T07:55:02Z 2001-05-02T09:00:04Z  94.81 -72.22 14.970907 333.923 761.3  -0.1   0.1 -0.02  0.07 2001-05-02T09:51:31Z
01 R 2001-05-02T09:00:04Z 2001-05-17T09:00:04Z  94.80 -72.22 14.970268 333.928 761.3  -0.1   0.1 -0.02  0.08 2001-05-02T09:51:31Z
01 R 2001-05-02T09:00:04Z 2001-05-17T09:00:04Z  94.80 -72.22 14.970268 333.928 761.3  -0.1   0.1 -0.02  0.08 2001-05-02T09:51:31Z
01 R 2001-05-02T09:00:04Z 2001-05-17T09:00:04Z  94.80 -72.22 14.970268 333.928 761.3  -0.1   0.1 -0.02  0.08 2001-05-02T09:51:31Z
01 R 2001-05-02T09:00:04Z 2001-05-17T09:00:04Z  94.80 -72.22 14.970268 333.928 761.3  -0.1   0.1 -0.02  0.08 2001-05-02T09:51:31Z
01 R 2001-05-02T09:00:04Z 2001-05-10T18:04:27Z  94.80 -72.22 14.970268 333.928 761.3  -0.1   0.1 -0.02  0.08 2001-05-11T08:14:49Z
01 R 2001-05-02T09:00:04Z 2001-05-10T18:04:27Z  94.80 -72.22 14.970268 333.928 761.3  -0.1   0.1 -0.02  0.08 2001-05-11T08:14:49Z
01 R 2001-05-02T09:00:04Z 2001-05-10T18:04:27Z  94.80 -72.22 14.970268 333.928 761.3  -0.1   0.1 -0.02  0.08 2001-05-11T08:14:49Z
01 R 2001-05-02T09:00:04Z 2001-05-10T18:04:27Z  94.80 -72.22 14.970268 333.928 761.3  -0.1   0.1 -0.02  0.08 2001-05-11T08:14:49Z
01 R 2001-05-02T09:00:04Z 2001-05-10T18:04:27Z  94.80 -72.22 14.970268 333.928 761.3  -0.1   0.1 -0.02  0.08 2001-05-11T08:14:49Z
01 R 2001-05-10T18:05:21Z 2001-05-14T18:50:03Z  94.75 -72.23 14.971277 333.927 761.3  -0.1   0.1 -0.02  0.07 2001-05-15T07:44:49Z
01 R 2001-05-10T18:05:21Z 2001-05-14T18:50:03Z  94.75 -72.23 14.971277 333.927 761.3  -0.1   0.1 -0.02  0.07 2001-05-15T07:44:49Z
01 R 2001-05-10T18:05:21Z 2001-05-14T18:50:03Z  94.75 -72.23 14.971277 333.927 761.3  -0.1   0.1 -0.02  0.07 2001-05-15T07:44:49Z
01 R 2001-05-10T18:05:21Z 2001-05-14T18:50:03Z  94.75 -72.23 14.971277 333.927 761.3  -0.1   0.1 -0.02  0.07 2001-05-15T07:44:49Z
01 R 2001-05-10T18:05:21Z 2001-05-14T18:50:03Z  94.75 -72.23 14.971277 333.927 761.3  -0.1   0.1 -0.02  0.07 2001-05-15T07:44:49Z
01 R 2001-05-14T18:50:03Z 2001-05-16T22:46:09Z  94.73 -72.23 14.971096 333.927 761.3  -0.1   0.1 -0.02  0.07 2001-05-17T07:04:40Z
01 R 2001-05-14T18:50:03Z 2001-05-16T22:46:09Z  94.73 -72.23 14.971096 333.927 761.3  -0.1   0.1 -0.02  0.07 2001-05-17T07:04:40Z
01 R 2001-05-14T18:50:03Z 2001-05-16T22:46:09Z  94.73 -72.23 14.971096 333.927 761.3  -0.1   0.1 -0.02  0.07 2001-05-17T07:04:40Z
01 R 2001-05-16T23:13:15Z 2001-05-18T00:09:26Z  94.84 -72.28 14.918291 333.927 761.1  -0.1   0.1 -0.02  0.07 2001-05-18T08:48:19Z
01 R 2001-05-16T23:13:15Z 2001-05-18T00:09:26Z  94.84 -72.28 14.918291 333.927 761.1  -0.1   0.1 -0.02  0.07 2001-05-18T08:48:19Z
01 R 2001-05-16T23:13:15Z 2001-05-18T00:09:26Z  94.84 -72.28 14.918291 333.927 761.1  -0.1   0.1 -0.02  0.07 2001-05-18T08:48:19Z
01 R 2001-05-18T00:09:26Z 2001-05-20T23:38:28Z  94.84 -72.28 14.918122 333.926 761.1  -0.1   0.1 -0.02  0.07 2001-05-21T03:27:26Z
01 R 2001-05-18T00:09:26Z 2001-05-20T23:38:28Z  94.84 -72.28 14.918122 333.926 761.1  -0.1   0.1 -0.02  0.07 2001-05-21T03:27:26Z
01 R 2001-05-18T00:09:26Z 2001-05-20T23:38:28Z  94.84 -72.28 14.918122 333.926 761.1  -0.1   0.1 -0.02  0.07 2001-05-21T03:27:26Z
01 R 2001-05-20T23:47:30Z 2001-05-23T08:23:31Z  94.82 -72.28 14.927006 333.926 760.9  -0.1   0.1 -0.02  0.07 2001-05-23T08:58:32Z
01 R 2001-05-20T23:47:30Z 2001-05-23T08:23:31Z  94.82 -72.28 14.927006 333.926 760.9  -0.1   0.1 -0.02  0.07 2001-05-23T08:58:32Z
01 R 2001-05-20T23:47:30Z 2001-05-23T08:23:31Z  94.82 -72.28 14.927006 333.926 760.9  -0.1   0.1 -0.02  0.07 2001-05-23T08:58:32Z
01 R 2001-05-20T23:47:30Z 2001-05-23T08:23:31Z  94.82 -72.28 14.927006 333.926 760.9  -0.1   0.1 -0.02  0.07 2001-05-23T08:58:32Z
01 R 2001-05-23T08:23:31Z 2001-06-07T08:23:31Z  94.82 -72.29 14.926832 333.927 760.9  -0.1   0.1 -0.03  0.08 2001-05-23T08:58:32Z
01 R 2001-05-23T08:23:31Z 2001-06-07T08:23:31Z  94.82 -72.29 14.926832 333.927 760.9  -0.1   0.1 -0.03  0.08 2001-05-23T08:58:32Z
01 R 2001-05-23T08:23:31Z 2001-06-07T08:23:31Z  94.82 -72.29 14.926832 333.927 760.9  -0.1   0.1 -0.03  0.08 2001-05-23T08:58:32Z
01 R 2001-05-23T08:23:31Z 2001-06-07T08:23:31Z  94.82 -72.29 14.926832 333.927 760.9  -0.1   0.1 -0.03  0.08 2001-05-23T08:58:32Z
01 R 2001-05-25T00:22:14Z 2001-05-29T18:47:55Z  94.79 -72.29 14.928029 333.928 760.9  -0.1   0.1 -0.02  0.08 2001-05-30T08:05:40Z
01 R 2001-05-25T00:22:14Z 2001-05-29T18:47:55Z  94.79 -72.29 14.928029 333.928 760.9  -0.1   0.1 -0.02  0.08 2001-05-30T08:05:40Z
01 R 2001-05-25T00:22:14Z 2001-05-29T18:47:55Z  94.79 -72.29 14.928029 333.928 760.9  -0.1   0.1 -0.02  0.08 2001-05-30T08:05:40Z
01 R 2001-05-29T18:48:00Z 2001-06-01T07:00:00Z  94.78 -72.29 14.927447 333.930 760.9  -0.1   0.1 -0.02  0.07 2001-06-01T12:38:22Z
01 R 2001-05-29T18:48:00Z 2001-06-01T07:00:00Z  94.78 -72.29 14.927447 333.930 760.9  -0.1   0.1 -0.02  0.07 2001-06-01T12:38:22Z
01 R 2001-05-29T18:48:00Z 2001-06-01T07:00:00Z  94.78 -72.29 14.927447 333.930 760.9  -0.1   0.1 -0.02  0.07 2001-06-01T12:38:22Z
