01 R 2001-10-30T20:48:01Z 2001-11-14T20:48:01Z  88.53 -60.58 14.909215 333.924 760.8  -0.1   0.1 -0.01  0.06 2001-10-31T09:01:11Z
01 R 2001-10-30T20:48:01Z 2001-11-14T20:48:01Z  88.53 -60.58 14.909215 333.924 760.8  -0.1   0.1 -0.01  0.06 2001-10-31T09:01:11Z
01 R 2001-10-30T20:48:01Z 2001-11-08T02:47:28Z  88.53 -60.58 14.909215 333.924 760.8  -0.1   0.1 -0.01  0.06 2001-11-08T09:29:21Z
01 R 2001-10-30T20:48:01Z 2001-11-08T02:47:28Z  88.53 -60.58 14.909215 333.924 760.8  -0.1   0.1 -0.01  0.06 2001-11-08T09:29:21Z
01 R 2001-10-30T20:48:01Z 2001-11-08T02:47:28Z  88.53 -60.58 14.909215 333.924 760.8  -0.1   0.1 -0.01  0.06 2001-11-08T09:29:21Z
01 R 2001-10-30T20:48:01Z 2001-11-08T02:47:28Z  88.53 -60.58 14.909215 333.924 760.8  -0.1   0.1 -0.01  0.06 2001-11-08T09:29:21Z
01 R 2001-10-30T20:48:01Z 2001-11-08T02:47:28Z  88.53 -60.58 14.909215 333.924 760.8  -0.1   0.1 -0.01  0.06 2001-11-08T09:29:21Z
01 R 2001-10-30T20:48:01Z 2001-11-08T02:47:28Z  88.53 -60.58 14.909215 333.924 760.8  -0.1   0.1 -0.01  0.06 2001-11-08T09:29:21Z
01 R 2001-11-08T02:47:28Z 2001-11-23T02:47:28Z  88.51 -60.59 14.908684 333.926 760.8  -0.1   0.1 -0.01  0.06 2001-11-08T09:29:21Z
01 R 2001-11-08T02:47:28Z 2001-11-23T02:47:28Z  88.51 -60.59 14.908684 333.926 760.8  -0.1   0.1 -0.01  0.06 2001-11-08T09:29:21Z
01 R 2001-11-08T02:47:28Z 2001-11-23T02:47:28Z  88.51 -60.59 14.908684 333.926 760.8  -0.1   0.1 -0.01  0.06 2001-11-08T09:29:21Z
01 R 2001-11-08T02:47:28Z 2001-11-23T02:47:28Z  88.51 -60.59 14.908684 333.926 760.8  -0.1   0.1 -0.01  0.06 2001-11-08T09:29:21Z
01 R 2001-11-08T02:47:28Z 2001-11-23T02:47:28Z  88.51 -60.59 14.908684 333.926 760.8  -0.1   0.1 -0.01  0.06 2001-11-08T09:29:21Z
01 R 2001-11-08T02:47:28Z 2001-11-23T02:47:28Z  88.51 -60.59 14.908684 333.926 760.8  -0.1   0.1 -0.01  0.06 2001-11-08T09:29:21Z
01 R 2001-11-08T02:47:28Z 2001-11-18T20:04:09Z  88.51 -60.59 14.908684 333.926 760.8  -0.1   0.1 -0.01  0.06 2001-11-19T11:05:20Z
01 R 2001-11-08T02:47:28Z 2001-11-18T20:04:09Z  88.51 -60.59 14.908684 333.926 760.8  -0.1   0.1 -0.01  0.06 2001-11-19T11:05:20Z
01 R 2001-11-08T02:47:28Z 2001-11-18T20:04:09Z  88.51 -60.59 14.908684 333.926 760.8  -0.1   0.1 -0.01  0.06 2001-11-19T11:05:20Z
01 R 2001-11-08T02:47:28Z 2001-11-18T20:04:09Z  88.51 -60.59 14.908684 333.926 760.8  -0.1   0.1 -0.01  0.06 2001-11-19T11:05:20Z
01 R 2001-11-08T02:47:28Z 2001-11-18T20:04:09Z  88.51 -60.59 14.908684 333.926 760.8  -0.1   0.1 -0.01  0.06 2001-11-19T11:05:20Z
01 R 2001-11-18T20:04:09Z 2001-12-03T20:04:09Z  88.48 -60.59 14.907216 333.926 760.8  -0.1   0.1 -0.01  0.06 2001-11-19T11:05:20Z
01 R 2001-11-18T20:04:09Z 2001-12-03T20:04:09Z  88.48 -60.59 14.907216 333.926 760.8  -0.1   0.1 -0.01  0.06 2001-11-19T11:05:20Z
01 R 2001-11-18T20:04:09Z 2001-11-25T18:12:37Z  88.48 -60.59 14.907216 333.926 760.8  -0.1   0.1 -0.01  0.06 2001-11-26T07:40:02Z
01 R 2001-11-18T20:04:09Z 2001-11-25T18:12:37Z  88.48 -60.59 14.907216 333.926 760.8  -0.1   0.1 -0.01  0.06 2001-11-26T07:40:02Z
01 R 2001-11-18T20:04:09Z 2001-11-25T18:12:37Z  88.48 -60.59 14.907216 333.926 760.8  -0.1   0.1 -0.01  0.06 2001-11-26T07:40:02Z
01 R 2001-11-18T20:04:09Z 2001-11-25T18:12:37Z  88.48 -60.59 14.907216 333.926 760.8  -0.1   0.1 -0.01  0.06 2001-11-26T07:40:02Z
01 R 2001-11-18T20:04:09Z 2001-11-25T18:12:37Z  88.48 -60.59 14.907216 333.926 760.8  -0.1   0.1 -0.01  0.06 2001-11-26T07:40:02Z
01 R 2001-11-18T20:04:09Z 2001-11-25T18:12:37Z  88.48 -60.59 14.907216 333.926 760.8  -0.1   0.1 -0.01  0.06 2001-11-26T07:40:02Z
01 R 2001-11-25T18:12:37Z 2001-11-29T23:40:01Z  88.45 -60.59 14.906718 333.929 760.8  -0.1   0.1 -0.01  0.07 2001-11-30T10:15:47Z
01 R 2001-11-25T18:12:37Z 2001-11-29T23:40:01Z  88.45 -60.59 14.906718 333.929 760.8  -0.1   0.1 -0.01  0.07 2001-11-30T10:15:47Z
01 R 2001-11-25T18:12:37Z 2001-11-29T23:40:01Z  88.45 -60.59 14.906718 333.929 760.8  -0.1   0.1 -0.01  0.07 2001-11-30T10:15:47Z
01 R 2001-11-25T18:12:37Z 2001-11-29T23:40:01Z  88.45 -60.59 14.906718 333.929 760.8  -0.1   0.1 -0.01  0.07 2001-11-30T10:15:47Z
01 R 2001-11-25T18:12:37Z 2001-11-29T23:40:01Z  88.45 -60.59 14.906718 333.929 760.8  -0.1   0.1 -0.01  0.07 2001-11-30T10:15:47Z
01 R 2001-11-29T23:40:01Z 2001-12-14T23:40:01Z  88.45 -60.60 14.906143 333.928 760.8  -0.1   0.1 -0.01  0.05 2001-11-30T10:15:47Z
01 R 2001-11-29T23:40:01Z 2001-12-14T23:40:01Z  88.45 -60.60 14.906143 333.928 760.8  -0.1   0.1 -0.01  0.05 2001-11-30T10:15:47Z
